0	1535 236
1	650 2906
2	1887 2323 2543 1482
3	1984
4	254
5	1867
6	1203 2172
7	1199
8	2821 1762
9	84
10	2137 1323
11	2761
12	343
13	2798
14	866 908 802
15	1175
16	3096 2519
17	1273 717
18	367 131
19	1322
20	466 2151
21	1101
22	292
23	938
24	1536 1283
25	1833 1003
26	3079 3061
27	2205
28	1581 450 737
29	1108 2895 1847 1422
30	1269
31	79 78
32	2343
33	1021 2979
34	62
35	3000
36	1141
37	988
38	3124
39	2804 2977
40	1787 2112
41	1149 2508
42	2758 2195
43	3235
44	3173
45	1799
46	1248 2710 1273
47	1491
48	2267 1454
49	1443
50	2617
51	184
52	1459
53	474 712
54	3296 3224
55	1387
56	336 335 2043 1152
57	2022
58	776 2521 911
59	596
60	408
61	2650
62	2405 2890 50
63	1352 93 1329 994 1350
64	344
65	863 1210
66	1341 1140
67	2991 1778
68	1193
69	2498 1330 788 2549
70	444
71	753 2424
72	1477
73	2401
74	2377 1641
75	863 2533
76	1414
77	795 699
78	25 801 2569
79	2685 2686
80	49
81	2784
82	495
83	511
84	1066 342 2744
85	1006
86	659 961
87	593
88	776
89	2399
90	2144
91	191 1418 3044
92	1341
93	1520
94	1698
95	3047
96	152
97	1709 1023
98	270 1198
99	1189
100	3389 578 2619
101	1003
102	974 413
103	1127 67
104	3241 950
105	902
106	50 1816
107	1944 863
108	1080
109	2801
110	1751
111	1110 2044 2271
112	26 1778
113	1958 1761
114	1362 1397 534
115	2004 2012
116	1513 2358
117	414 1407
118	1179
119	1387
120	1350
121	1036 760 1049 49 272 1046 323
122	3090 3161
123	765
124	1039
125	1854
126	2057
127	3018
128	219
129	3206 3204 361 1174
130	286 438 2194 2405 2470
131	2582 2598
132	639
133	1374
134	2803 2920
135	2358 938 2433
136	806
137	1126 1365
138	1731
139	425
140	1119 2903
141	172
142	310 2918
143	1141 50
144	2344
145	424
146	1296 2703
147	654
148	135 682
149	3263 3176
150	318
151	710 1832
152	910 50
153	2502
154	607
155	456
156	50
157	1819 1416
158	2582
159	2979
160	842 850
161	1107
162	1325 1327
163	1697
164	50 1688
165	2285
166	1957 1314 2602
167	764 2463
168	866
169	2598 2633 2583
170	1045
171	55
172	3143 2270
173	3096
174	2685 56
175	1954 1465
176	2387
177	1126 2467
178	864
179	733 2556
180	722
181	3089
182	2956
183	1285
184	104 242
185	50 1702
186	1248 1467
187	923
188	2955
189	1964
190	762
191	176
192	1076 300
193	975 2436
194	1111 50 200 91 1556 197
195	1658
196	394
197	3048 242
198	1495 2170
199	1239
200	2542 306 206 1205
201	1080
202	174 911
203	2395 84
204	654 1147
205	77
206	24 579
207	49 1899 1211 999
208	50
209	677 1444
210	967
211	1317 27 747 739 28 746 737
212	379
213	1719 1089
214	268
215	2025 1653
216	1351
217	3111
218	484
219	1045 1114
220	2131
221	2619 2238
222	1267
223	926
224	1232
225	790
226	3238 3374
227	2522
228	710
229	1075
230	1050 1046
231	470 136
232	1183
233	199 2531
234	1596 1891
235	688 135
236	395
237	179
238	1744 2610 2517
239	45 292
240	0 1306
241	1493
242	1403
243	2961 1955 1482
244	3156
245	2425
246	3068
247	1234 1430
248	111 684
249	1319
250	1385
251	2859 1862
252	1608
253	3362 3361
254	2898
255	260
256	2833
257	3179 3135
258	1046 1366 1047
259	2073 2372
260	1612 2962
261	2781 2568 3012
262	974 1521 978
263	1777 2707
264	2296
265	778
266	2025
267	730
268	856 2197
269	1931
270	1553
271	472 898
272	427 2668
273	2257
274	2674 2631
275	2498 1046
276	2698
277	3265 826 2509
278	561
279	777
280	2227
281	1135 776
282	434 1024
283	2735 431 470
284	2424
285	1084 150
286	758
287	1264 818
288	126 1944
289	370
290	2364 3267
291	538 1084
292	605
293	419
294	627 50 2583 830
295	3369
296	526
297	1020 3091
298	663
299	283 1788 859
300	2801
301	50 1646
302	1498
303	640 629 314
304	2048 2046 1541
305	394 1003
306	833
307	1295 1906
308	3312 3285 3313
309	1281 2660
310	2694 2680
311	1996
312	81 211
313	3369
314	178
315	1553
316	1113
317	2384
318	2783 396
319	959
320	776
321	1286
322	866
323	413 976
324	236
325	2405 216
326	414 1153
327	2598
328	2470
329	340
330	1045
331	1361 1044
332	1503 457
333	3332
334	1244 999
335	2776
336	2662 1211
337	1034 1040
338	2322 1744
339	85 35
340	1689
341	50 2231 1845
342	581 1787
343	2801 2736
344	2405 729
345	2799
346	884 1860
347	730
348	2618 2586
349	2620 782
350	162 2009
351	2291
352	2344
353	2859 3046
354	1478
355	969
356	1924
357	1189
358	761 258 1170
359	2007
360	1365 1361
361	1081 1343
362	287
363	1046 1361 1350
364	70
365	712 288
366	2619 2742 2617
367	1313
368	825 1832
369	2757
370	3341
371	2503 1688 1343
372	3175 3174
373	776 1440
374	2692
375	135 857 562 428
376	3099 248
377	2429
378	3299 3264
379	2322
380	2810
381	1489 342
382	23
383	3077 3057
384	471
385	1742 1135
386	2334
387	3078 2387
388	548 3148
389	2465 2154 1746
390	3289 3040 3352
391	1630
392	2931 2936 2174 2028
393	1280 41
394	3108 2137 2471
395	1247 1776
396	1877 1875
397	980
398	1760
399	2811 1857 2174
400	490
401	2028 915
402	2961
403	3130 3325
404	1059
405	802 1192
406	1529 2426
407	1228
408	2098
409	635
410	230 1329 1035 2294
411	699 635
412	1358 1046
413	63
414	2224
415	3346
416	2233
417	3159
418	1008 1464 863 1600
419	1211 1518 2984 1580
420	551
421	2676
422	851
423	571
424	3338
425	49 50 1003 1598
426	801 2797
427	1438
428	3001
429	2293
430	2847
431	2414
432	1975
433	186
434	2021
435	2322 1273
436	1478
437	2526 138
438	362
439	1037
440	988 1833 60
441	757
442	3184 1137 2352
443	1641
444	1534
445	1070 1971 1088
446	458
447	776 2405 911
448	2740
449	914 3146
450	2779 2637 620
451	1195
452	177 12 1731
453	1848
454	3211
455	681 2248 1205
456	1484 2966
457	528
458	172
459	1570
460	2732
461	90 1943
462	949 950
463	1169 338
464	332 1451
465	1826
466	312
467	1544
468	1419
469	3240
470	2221
471	466 2070
472	3248
473	940 220
474	1067
475	2099 893
476	1465
477	283
478	554 735 1470 2877
479	1120
480	1880
481	2634 2562
482	480
483	2178
484	1547
485	26 204
486	1736 2994 1868
487	181 713
488	1214 2343
489	71
490	3020
491	326 1798
492	2542
493	1543
494	2657 2673 2504
495	2703
496	2506 92
497	3357
498	526 1873
499	2584
500	801 1149
501	2247
502	476 1470 287
503	1246
504	1003 197
505	1824
506	2498
507	2000 1044
508	66 675
509	445 1678
510	2322 1397 2875
511	3219
512	2165 2808
513	171
514	926
515	3177
516	1886 2260
517	1182
518	2407
519	2005 123
520	1397
521	2711
522	1549 316
523	1135
524	1420 522
525	1017 1817
526	62
527	548
528	1135
529	1816
530	3355
531	1565 1205
532	59 2137
533	3201 712 191
534	1139 1754
535	947
536	2191
537	2144
538	1135
539	50 49 3138 2601
540	2505
541	1276
542	2220 1429
543	2633 2956 3163 2623
544	3371 3381
545	3176 3096
546	183 246
547	229 619
548	1085
549	628
550	1755 724
551	2077
552	2501
553	2230
554	776 1228
555	1366
556	2322
557	92
558	729
559	2028 1361 1358
560	3149
561	342
562	414
563	863 2406
564	1754
565	1744 613 1465 2023
566	2137
567	1079
568	2991 1754
569	349 1015
570	1009 2536
571	394
572	2801
573	2021
574	976 975
575	1135
576	2857
577	751 235
578	1560
579	49 1084
580	319 1503 10 3219 3354 3389
581	2010
582	1719
583	2972
584	1777 1688
585	3163
586	2252
587	1489 2961
588	1545
589	1504 683 912
590	219
591	782
592	525 722
593	673
594	2597 2408
595	57
596	967
597	1717
598	3342 341 93
599	1335 1334
600	2344 2345
601	1777
602	1493
603	702 2410
604	938 1083 2358
605	1351
606	2859
607	2272 2852 1568 2963
608	49 1003
609	2709
610	619 169
611	2520 814
612	49
613	3271
614	1609 50 1302
615	459 460 482
616	1958 1983
617	951
618	3114
619	2606 2618
620	2322
621	1941 2082
622	190
623	195 120 1584 33
624	2714
625	1114 240
626	627 746
627	2101 50
628	1566
629	659 440
630	734
631	3062
632	2959 3206
633	1624
634	2310 2137
635	1769
636	255
637	445 88
638	1484
639	1191 1189
640	1003
641	2420 1167
642	2019
643	2631
644	1966
645	504
646	2258 1962
647	390 505
648	2435
649	2808
650	1688 2627
651	191 58
652	1627
653	1645
654	1809 781
655	1046 3098 1047
656	1817
657	97 333
658	1633
659	1253 674
660	481 3333
661	286
662	2787 3320
663	3185
664	3387 3238 3391 3324
665	2140 1839
666	920 12
667	2530
668	581 1577 2038 49 395 2032 1606 851 2039 654 191 1720
669	1201
670	3099 368
671	3002
672	2577 2094
673	1110
674	2237
675	2392
676	548 40
677	11
678	263
679	1873
680	3363
681	600
682	827
683	124 2453
684	704
685	155
686	654 275
687	950 1086
688	2574
689	461
690	3010 3337 1691 3011
691	1350
692	1748 1611
693	395 76
694	2177
695	608 1464
696	1167
697	528
698	1076
699	801 1966
700	808
701	2817 2822 1960
702	3267
703	48
704	2747
705	78 76
706	2699 2364
707	1844
708	12
709	1151 1824
710	50
711	1126 1537 873
712	1250
713	1507 2512
714	360
715	664 2828
716	635
717	376
718	2411 2448 2449
719	1977 173
720	1111 3148
721	1673 1923
722	2924
723	1453 1797 1174 2836
724	2723
725	1200
726	2441 2748 2988
727	212
728	1532
729	2654
730	756
731	1932 2972
732	474
733	3123 2405
734	3260
735	686
736	1640
737	456 1572
738	2994 1511
739	2383
740	2137
741	2587 2584 2583
742	1687
743	203 6
744	834 1108 74
745	3190 2587 3094
746	3257 2860
747	776 1093
748	1637
749	1742 2800 2662 1509
750	939
751	1655
752	2628 581
753	1192
754	1459
755	1561
756	2878
757	50 526
758	1068 2070
759	2093
760	129
761	921 437 1713
762	370 1508
763	1967 2274
764	3097 2519
765	288
766	2593 1449
767	870
768	1479
769	471 954 871 759
770	2909 1428
771	34
772	2888 1047
773	2024 641
774	3392
775	89 2405
776	1839 1840
777	3193 2669
778	1189
779	1126
780	672
781	1774
782	1824 1375
783	1127 26 1678
784	3116
785	524
786	1834 2655
787	1968 1763
788	1783 394
789	2526 2733
790	1007 1387
791	1930 1322
792	1993
793	2740
794	1609 49
795	2708
796	50
797	776
798	1713 1714
799	1509 1322
800	1607 1601
801	2496 776
802	3230 3309
803	3088
804	574
805	3321
806	3003 3241
807	2877
808	1013 3055
809	425
810	477
811	494
812	1095
813	2512 2322
814	391
815	491 1470
816	3194
817	1884
818	2185 2189
819	1253 1373 2126 1632
820	1717 2598 2238
821	2680 2994
822	1446 815 1333
823	2405
824	2998
825	8 2564
826	1417 2771
827	888 1630
828	2030
829	2316
830	1915 1397
831	3352 3343
832	2845 1878 2844
833	515 715
834	911
835	1470
836	3386 3376
837	1872 2135
838	1268
839	1854 2799 2690
840	1949 50 1382
841	3164
842	2542 1397
843	2768 2159
844	3295
845	2526 175
846	1337
847	2629
848	1857
849	2115
850	1294 2322 888 1498
851	2649 1088 2615
852	2553
853	1197
854	887
855	1099 1824
856	1205 635
857	22 342 472
858	792
859	833
860	1002 3096
861	1730
862	1988
863	1309 2119
864	2540
865	598
866	2935
867	1376
868	1778
869	1125
870	2703 2534 1484
871	1639
872	2619 2238 1717
873	1145
874	1047 2888 401 537
875	131
876	2229
877	307 2376
878	2784
879	258 81
880	2973 2979
881	1833 139 1003
882	755
883	3137 1236
884	3326
885	1305 2437
886	352 2712
887	1799 3196
888	766
889	1972 538
890	342
891	3289 2682
892	1683
893	1724 2827
894	3172
895	2061
896	2055
897	2065 1381 1361 2206 1348 2773
898	3303
899	3013
900	1609 1752 1961 1304
901	3096
902	1015
903	1766
904	1533
905	867 938
906	1546 685 319
907	2970
908	757
909	1949 1241
910	2358 3382 3224 1356
911	2251
912	2998 269
913	2260 955
914	1101 1345
915	2123
916	592 2164
917	133
918	223 262
919	2804
920	3305
921	2426
922	292
923	104 398 300
924	481
925	1902
926	2185 1446 1159
927	3304 3303
928	568
929	1902
930	3099 219
931	2565
932	2050 2844
933	2377
934	3024 2096
935	2355 738
936	360
937	2240
938	2725 2578
939	3151 2990
940	2681
941	2854
942	2783
943	968
944	1034 1355
945	222 225
946	804
947	2036 1602
948	2011
949	892 2124
950	1615 919
951	1606 2036
952	946 2465
953	1246 1072
954	3294
955	761 2182
956	68
957	272 269 1050
958	1655
959	1351
960	1160 1156 1159 1155
961	2931
962	2653 1602 3012 492
963	819
964	1670 484
965	1149 3086
966	1180 2105 1534
967	270
968	1065
969	169
970	813
971	1876
972	1350 2809
973	155 177 1249
974	3101 2214 2805
975	475 430
976	317
977	3103 2123
978	3155 712 2405 3242 20 883
979	1726 50
980	2807 1944
981	13 2074 2073
982	318
983	139
984	2178
985	1619
986	1924
987	551
988	1150
989	95
990	863 111
991	1135 911
992	1859
993	1083
994	253 205
995	1306 166
996	3283 3133
997	1302 50
998	349 776
999	2604
1000	1224 307
1001	2635
1002	1365
1003	1667 2982
1004	1793 1465
1005	832
1006	2298 2774 992
1007	95
1008	1273
1009	92
1010	1135 27
1011	2262
1012	2184 2183
1013	1743
1014	241
1015	527 2805 554
1016	2472
1017	3263
1018	1039 1032 2451
1019	126
1020	1464 2023
1021	180 2033
1022	520 1167 1842 3047
1023	276 2242 440 626
1024	3078 2510
1025	774 351 1185
1026	1270 890
1027	1720 84 2597
1028	88
1029	313
1030	25 2896 2843
1031	654 50
1032	2709 1280
1033	1787
1034	2798 2543
1035	1972
1036	1096 259 732 185
1037	1924
1038	3389 3241 3242 50
1039	1091
1040	221
1041	800
1042	2815
1043	1547 1646
1044	156 2915
1045	277 33
1046	2150
1047	1045
1048	524
1049	2322
1050	2512 37
1051	1098 3095
1052	575 2616
1053	2021
1054	2319 2201
1055	2563
1056	314 1964
1057	758
1058	226
1059	1485 1126
1060	1609
1061	2994 2136 1309
1062	837
1063	995 2151
1064	3058
1065	647 2405
1066	43 2715
1067	2322 1484
1068	947
1069	3178 3176 3177
1070	2163
1071	1657
1072	1209 2823
1073	1035
1074	923
1075	509 2185
1076	1361 1126
1077	2324
1078	932
1079	277
1080	235 2402
1081	823
1082	2442
1083	1429
1084	667 2372 635
1085	2549 1348 63
1086	898 659
1087	2595
1088	2361 654 1606
1089	1854 651
1090	258 1821
1091	2433
1092	1417 2163
1093	83 1410
1094	258 588
1095	1135
1096	1861
1097	903 823
1098	328 1358
1099	110 49 801 1273
1100	933 1782 1342
1101	1638
1102	3016 1883
1103	654
1104	863 2754 712
1105	1279 480 1840
1106	2344
1107	745
1108	19 1211
1109	1205 1862
1110	2538
1111	1874
1112	2299 642
1113	2055
1114	1465 619
1115	339
1116	2631 1397
1117	761 0 1796
1118	1607
1119	300
1120	364
1121	1744 3077
1122	318
1123	458 1144 3142 1628
1124	2322
1125	76
1126	787 2331
1127	3303 1361 1917 2898
1128	2279 722
1129	528
1130	3032
1131	801
1132	422
1133	2788
1134	1430
1135	288 1421
1136	2078
1137	908 219
1138	2006 191
1139	2402
1140	1246 1245 1778
1141	879 1997 801
1142	2234
1143	451
1144	1466
1145	2401 1076
1146	2737 2534 2238 12
1147	1762
1148	1144 971
1149	103 1121
1150	563
1151	2404 1046
1152	288 548
1153	318
1154	2537 1368 476
1155	863 931 1932 1690
1156	3099
1157	3036
1158	3096 3060
1159	3305 3299
1160	24
1161	2790 1084
1162	757 373
1163	594
1164	1069 5
1165	2025 1558 2474 1260
1166	2729
1167	1286
1168	536
1169	253
1170	1522 856
1171	1468
1172	663
1173	1756 468 623
1174	2404
1175	2742 2819
1176	1095 1812
1177	1887 1378 1676 150
1178	733 205 38 613
1179	1727
1180	2953 2623
1181	737 2444 740 1992
1182	509
1183	119 1491 1516 2501 776
1184	2292 2945
1185	2207
1186	493 1817
1187	3029
1188	3222
1189	1003 2090
1190	1800 1087
1191	407 674
1192	2223 2221
1193	118 148
1194	946
1195	2567 2556
1196	1131 2785
1197	545
1198	3003
1199	1940 2086 2085 1941 2081 2083 2080 2087
1200	412
1201	1297 2441
1202	1603
1203	768
1204	1434 941
1205	2994
1206	1683 2322
1207	759
1208	1059
1209	2994 1201 946
1210	1031 1078
1211	467
1212	1135 2485 720
1213	548
1214	3051
1215	2209
1216	2314
1217	1039 230
1218	67 1966 1142 476
1219	2781
1220	2593 3091
1221	1928
1222	258
1223	28
1224	3188
1225	91
1226	3332 3343
1227	55
1228	1581
1229	1781 922 512
1230	2076
1231	3282 1233
1232	2618
1233	1637 2108
1234	1837 1910
1235	452
1236	1248 2996 1720
1237	2699
1238	2890
1239	946 23
1240	950 243
1241	139 859
1242	614
1243	3367 2884
1244	1982
1245	487 876
1246	1607 1610
1247	825
1248	1361 1083
1249	2516 2939
1250	2919
1251	152
1252	1135 2433
1253	2375
1254	1918
1255	1295 89
1256	428
1257	2122 2527
1258	802
1259	1097
1260	2912
1261	1856 1632 1005
1262	462
1263	3193
1264	3296 2990
1265	3212 2579 2592
1266	1995 1994
1267	2733 790 2664 1417
1268	1869
1269	365
1270	2830 2594 2657
1271	1537
1272	1566
1273	1258
1274	1615
1275	1548
1276	2806
1277	410 2870
1278	198
1279	3376 2082 2085 1940 2079 1941 3117
1280	1765 1135
1281	421
1282	1568 858
1283	2129 272 2433
1284	1358
1285	712 290
1286	2005 2039
1287	173
1288	2663 1149
1289	388
1290	2504
1291	1852
1292	581
1293	2444 2643
1294	2117
1295	214 1671 2178 236
1296	290 619
1297	2244
1298	2420 3199 2671
1299	1901
1300	436 499
1301	510 1237
1302	1403 1452
1303	3048
1304	3033 2788 3035
1305	1497
1306	1566
1307	2087 2085
1308	43
1309	2115
1310	970
1311	1361 1350
1312	565 3381
1313	2836
1314	198
1315	1510 80
1316	2718
1317	369 1235
1318	65 476 67
1319	1470
1320	594
1321	1470 1146
1322	95 204
1323	1205 1632
1324	544 1047
1325	3041
1326	2553 548
1327	648
1328	1360 1493
1329	1242
1330	677 510 1112
1331	918 111
1332	50 1209
1333	258 1340
1334	204
1335	1681
1336	2358 1407
1337	375 1465
1338	149 136
1339	2683 2685
1340	1206 1208
1341	3218 651
1342	49
1343	1297 414
1344	836
1345	2956 3107
1346	1659
1347	275 867
1348	2489 1527
1349	242
1350	2542
1351	2849 837
1352	49
1353	1126 152 405
1354	1226
1355	1435 1434
1356	422
1357	696 477
1358	2715 77 2649
1359	1619
1360	3266
1361	413
1362	802 3110 2613
1363	2247
1364	1705
1365	332
1366	699 258
1367	2445
1368	3006
1369	2673 2252
1370	2737 1533 2466
1371	1634 708
1372	2737
1373	552 987
1374	3219 779
1375	2826 2825
1376	860 17 1538 2638
1377	2119
1378	1018 2684
1379	1564 117
1380	846 2176
1381	2057
1382	2706
1383	1505
1384	2908 318 1632 2787
1385	3145 3097 2519
1386	528 1093
1387	3106
1388	67 1836
1389	1239 401 1136 1806
1390	1577
1391	407 476 84
1392	1381 1846
1393	983 3175
1394	2045
1395	2680 95
1396	1047
1397	2994
1398	1244 1003
1399	1811
1400	1134
1401	1005 1827 1855
1402	3063
1403	2321
1404	2366 3062
1405	1022
1406	2508
1407	2017
1408	1149 2711
1409	1061 1996
1410	252 950
1411	112 124
1412	2162 0
1413	2990
1414	2629
1415	50 581
1416	1669 1466
1417	646
1418	1813 3242
1419	1744
1420	3363 3339 3375 3357
1421	1606 667
1422	446 924
1423	73
1424	3358 3289
1425	2723
1426	1487 2123 679 684
1427	3002 2979 1019 3237 1149 2709 184
1428	3168
1429	450 284 143
1430	2851 2862
1431	1513 1364
1432	1011
1433	67 476
1434	1135 1306
1435	846 1146
1436	2429
1437	1897
1438	1126 1606
1439	1046 834
1440	172 1465
1441	2706
1442	1524 288 1084
1443	2912 191
1444	63 2507
1445	1136
1446	1381
1447	2707 802 2535
1448	49 1273
1449	3073
1450	2206
1451	1283 1664
1452	775 1135
1453	2034 2507
1454	402
1455	1397
1456	1767
1457	1702
1458	1984
1459	2821
1460	1011 1939
1461	692
1462	2058 3044 325
1463	603
1464	2080 2085 1941 2086 1940 2083 2084 2081
1465	1358 1361
1466	2792
1467	23
1468	349
1469	3287 1655
1470	2116
1471	2687
1472	2122 2239
1473	1258
1474	105 1005
1475	424
1476	505
1477	1881 79
1478	1937 1752 86
1479	1526 403
1480	2992 1601 2382
1481	1149 1501
1482	2197
1483	910
1484	3118
1485	1839
1486	1209 23
1487	3359
1488	2633 3340
1489	2575
1490	2893
1491	949 950
1492	1098
1493	1861
1494	2470 361
1495	873
1496	1792 3206
1497	2344
1498	1101 3315 3322 1578
1499	776
1500	1816 50
1501	414
1502	1298 1273
1503	1678 1706
1504	621
1505	2965 1118
1506	2750
1507	1977 801
1508	1273
1509	2820
1510	2358 1046
1511	3388
1512	2418
1513	1129
1514	589 3058
1515	2895
1516	224 1458 258 1098
1517	1724
1518	2397
1519	16 680 2226 2012
1520	2990
1521	3366 3365
1522	2344 2352
1523	2264
1524	1084 649
1525	2462 730
1526	2833 1438
1527	1571
1528	3221
1529	1582
1530	832 946
1531	3336 1919
1532	1392
1533	3090
1534	2311
1535	888 318
1536	1520
1537	161
1538	953 3381
1539	73
1540	517 394 146
1541	2448 2449 2450
1542	2475
1543	1616 2658
1544	414 925
1545	1731
1546	3199 2312 738 2926 737
1547	2171 1081
1548	2960
1549	1859 2188
1550	113 2217 2509
1551	946 2912 1722
1552	458
1553	2760 2994
1554	3202
1555	3144
1556	2765
1557	542
1558	2343
1559	1104 3095
1560	151 18 1864 3219
1561	2565 1807 2554
1562	2405
1563	376
1564	2850
1565	3240
1566	2713
1567	1366 2357
1568	1361 1350 1358
1569	1905
1570	2203 2872
1571	395 1965
1572	318
1573	2207 1506
1574	76
1575	3261 3373
1576	610
1577	2120 767
1578	1183 2174
1579	68
1580	126
1581	404
1582	2271
1583	3210
1584	1307
1585	2701 2440
1586	1892
1587	2098
1588	2633
1589	3231
1590	58 194
1591	1808
1592	3254
1593	974
1594	2807
1595	1063 234
1596	3215
1597	1126 1361
1598	3013
1599	538
1600	1298 582
1601	697 713
1602	1598
1603	3305 414
1604	608 478
1605	59 2497
1606	2910 1264
1607	2990
1608	175 1561
1609	1303
1610	319 442
1611	2022
1612	1719 1593
1613	2800 1944
1614	1432
1615	2189 1254
1616	801 1327
1617	1686 1659 2325
1618	1003 2526 2629 3219 2607 2800 3347
1619	76 1188 782 1187
1620	1863 803
1621	2618
1622	1779
1623	2783
1624	1609 49
1625	1777 324 727
1626	2176
1627	3096 3097
1628	522 448
1629	2034 1609 1308
1630	67 476
1631	2860 2861
1632	2456
1633	1223 1224
1634	1998
1635	33 2047 366
1636	292
1637	1743
1638	556 651
1639	3008
1640	67 312 1127 476
1641	1575
1642	2395
1643	1050 433 2238
1644	2367
1645	2297 3008
1646	383 96
1647	354
1648	3152
1649	1600
1650	1148 1147
1651	2317 2753 2481
1652	2194
1653	1511 2055 1895 2229
1654	2300
1655	2227
1656	1760
1657	288
1658	194 172
1659	379
1660	1682 754
1661	581 2818 2315
1662	2563
1663	1076
1664	1946
1665	294 728 2413
1666	1561
1667	2822 2824
1668	2428 929
1669	2322 1484
1670	1171 50 1202
1671	573
1672	3389 302 2783
1673	2079 1941
1674	87
1675	1594 3040
1676	3382 3218
1677	1743 2322 2991 1966
1678	1002 983
1679	1588
1680	901
1681	252
1682	1073
1683	3088
1684	1302
1685	3273
1686	888
1687	2277 1779
1688	2782
1689	2954
1690	1071 786
1691	1098 213 312 863
1692	1273 50
1693	2871
1694	1629
1695	536
1696	739 1985 1317 1787 2228 2925
1697	515
1698	604
1699	1451
1700	28 27
1701	50
1702	2995 3112
1703	2562
1704	745
1705	656
1706	1980
1707	845 950
1708	1273 539
1709	1145
1710	1211
1711	1565
1712	1919
1713	1829 476 67
1714	1281
1715	801
1716	1248 3082 2526 863 862 1484 2661 1849
1717	2275 2175 829 1710 2090 730
1718	2819 2112 866 2355 997
1719	3344 3297
1720	707
1721	1680 776
1722	1556 1365 524
1723	1110 25
1724	1256
1725	1753 1465
1726	2455
1727	1512
1728	1072 2696
1729	235 319
1730	363 2055
1731	599 2951
1732	507
1733	2207
1734	835
1735	269
1736	1097 1690
1737	2726
1738	812
1739	553 2521 1678
1740	1135 95 253
1741	3284 3281
1742	1464
1743	3304
1744	1903
1745	1493 1365
1746	2069
1747	1270
1748	3273 1179
1749	1332
1750	1005
1751	513
1752	662
1753	2524
1754	1212
1755	480 116
1756	1951
1757	2542
1758	3249
1759	2603 2606
1760	97
1761	723 1128
1762	829
1763	768 900
1764	643
1765	1609 1865 187
1766	581 1141
1767	1762
1768	782 1944 49 3206
1769	3097
1770	1361 1083
1771	357 718
1772	225 217 325
1773	381
1774	2441 2304
1775	2686
1776	2209
1777	1326 1327
1778	1892
1779	3218
1780	2217
1781	1107 2604
1782	938 272
1783	2751
1784	272
1785	979 980
1786	2198 2703
1787	711
1788	1839 672
1789	2359
1790	476
1791	977
1792	137 268
1793	1898 2372
1794	714 236
1795	2545
1796	628 59
1797	489
1798	50 2854 2566
1799	136 150 149
1800	242 672
1801	1412 478
1802	2936
1803	830 2485
1804	2484
1805	3241
1806	1700
1807	2795
1808	1711
1809	2148 635
1810	2767
1811	2989 2782
1812	3157
1813	2392
1814	2803
1815	171 386
1816	2843 10
1817	1397
1818	1709 2504
1819	2190
1820	50 318 918
1821	866 1302
1822	1916 991 1748 2268
1823	398
1824	677
1825	1429
1826	3109
1827	761
1828	426 924 1099
1829	271
1830	2786
1831	3015 50
1832	76 2468
1833	2912 796
1834	1659
1835	1777
1836	1203 1648
1837	2366
1838	605 608
1839	1262 1135
1840	338 1312 460 482
1841	291 2931
1842	3102 1825
1843	869 1560
1844	1850
1845	240
1846	2067
1847	3100
1848	2961
1849	770
1850	1454 2262
1851	1014
1852	973
1853	1751 120
1854	2572
1855	705 16
1856	1058 701
1857	1577 1561
1858	2021
1859	3079
1860	2881
1861	2087 3372
1862	244 691
1863	2703
1864	2322
1865	2711
1866	602
1867	1654
1868	2878 2877 2598
1869	1050 1407
1870	846 1435
1871	1622 1577
1872	263
1873	2807 2047 2360 2564
1874	44 1614 1179 45
1875	339
1876	1758
1877	2564
1878	256 196
1879	1742 2543
1880	2593
1881	1485
1882	154
1883	2721
1884	1890
1885	470
1886	1496
1887	3293
1888	2605 2167
1889	2705 946 1587
1890	1908 1890
1891	3131
1892	581
1893	1269
1894	2633 992
1895	1621 1651
1896	1527
1897	1961 2282
1898	28
1899	3271 1268 1674
1900	1611
1901	1126 1368 1407
1902	1429
1903	2588 2633
1904	50
1905	2645 2000
1906	736 627
1907	2446
1908	2051
1909	1854
1910	149 431
1911	1057 1411
1912	2303
1913	333 1661
1914	1382 2398
1915	3219
1916	352 1275
1917	714 369
1918	1997
1919	189 13
1920	3205
1921	1482
1922	959
1923	2575 627 2317 718 740 851 738
1924	1612 1609 2001 1610
1925	2405 1714 1172
1926	2652
1927	918
1928	1658
1929	1077
1930	1747 2322
1931	286 59
1932	67 467
1933	1978 309
1934	496
1935	675 1105 227
1936	2707 2742
1937	12
1938	1887 488
1939	2546 2818 2739 2822
1940	2967
1941	1127
1942	3071
1943	1473
1944	1262
1945	2322 3212
1946	453
1947	149 1416 1250
1948	1986
1949	63 2024
1950	863 491 730
1951	3241 3342
1952	155
1953	242
1954	320 495
1955	3298 3299 3136
1956	47
1957	2043
1958	616 2269
1959	2405
1960	2748
1961	3120 225 833
1962	1620
1963	2405 1538 236
1964	2912 2441 1408
1965	1614
1966	924 1168 3106
1967	2947
1968	225 434
1969	571 2495
1970	500
1971	642 219 59 19 2228
1972	633 635 724
1973	888 2011 1990 2852
1974	2783
1975	629
1976	173 1727 2528
1977	1912
1978	2799 1469
1979	2264
1980	2826
1981	859
1982	576
1983	1836 1174
1984	2336 2347
1985	1573
1986	712 23
1987	594 754
1988	2169
1989	1502 2156 339
1990	1933 3187
1991	654 50
1992	1361 501
1993	184 13
1994	2266
1995	558
1996	95
1997	223 895 116
1998	1606 1610
1999	2959 1903
2000	761 2808
2001	1067
2002	55 2717 1506
2003	1181 594 2442
2004	3220 619 2882
2005	779
2006	1299 946
2007	2841
2008	128
2009	172 2405
2010	1135
2011	176 1222
2012	850 842
2013	0
2014	2028 1744
2015	821
2016	2417 2691 1324
2017	1940 2079 1941 2085
2018	250 948
2019	889
2020	3031
2021	1692
2022	2294 1365 1355
2023	2322 1559
2024	553
2025	1146 1790 1754 1816
2026	1293
2027	218 470
2028	2467 1369
2029	2613 2034 1606
2030	1499
2031	10
2032	2529
2033	50
2034	2027
2035	1238
2036	1504 620
2037	1855
2038	729 1397
2039	906 0
2040	2744 3375 3343
2041	1887
2042	1598
2043	371
2044	864 2468 1685
2045	91
2046	3222 1051
2047	2502 3072
2048	2231 1944
2049	1389
2050	1966
2051	2864
2052	963
2053	527 379
2054	2133
2055	288 1905
2056	1555
2057	542 1132
2058	732 110 2990 1477
2059	2845
2060	1042 974
2061	577
2062	3256
2063	398
2064	2306 2501
2065	411 1702
2066	594 9
2067	2426
2068	450 197
2069	1824
2070	1243 2204 2532 1427
2071	1853 2095
2072	1811
2073	2625 2867 1943
2074	1173
2075	1700
2076	148
2077	214
2078	1284
2079	1596 1761
2080	11
2081	3087
2082	2891 2716 2001
2083	903
2084	1809
2085	1616
2086	1397
2087	290 1896
2088	2561
2089	2443 475
2090	1126 1365
2091	2183 1155 2193
2092	8 1039
2093	2026 671 1861
2094	2757
2095	1648 1649
2096	1866
2097	1618
2098	943 1341
2099	1449
2100	236
2101	428 2009
2102	716
2103	746 581
2104	768 32
2105	1846
2106	946 2912 310
2107	1484
2108	370 351
2109	1529
2110	2932
2111	501 1438 1161 458
2112	51 3258
2113	3350
2114	32
2115	3078 1925
2116	950 1086
2117	1802 1627
2118	2494
2119	1425
2120	1563
2121	3288 279
2122	1812 2327
2123	3280
2124	780 2003
2125	1842
2126	419
2127	2872 1178 2428
2128	2822
2129	2378 2581 2983
2130	2575
2131	1951 2007
2132	385 712
2133	301
2134	190 1285
2135	897
2136	2454
2137	1358 1407
2138	3317 3178
2139	2519 750
2140	671
2141	87 2589
2142	1965
2143	3247 1163
2144	888
2145	622
2146	3218 3363 3289
2147	439 490
2148	2483
2149	689
2150	2401 1010
2151	1205 2541 2542
2152	540 1551
2153	2003 2756
2154	2708 3215
2155	1592
2156	914
2157	296
2158	2278
2159	1620 2304 2528
2160	2076 1001
2161	2097
2162	117 837
2163	3057
2164	2685 2674
2165	2000 2633 2877
2166	1050 886
2167	1435 1441
2168	1464 1486 50 2322 3089 1273
2169	581 2280
2170	3236
2171	3265 539
2172	1804 1407 1076
2173	375 206
2174	528
2175	160
2176	2331 1252
2177	1162
2178	1461 782 1754
2179	2066
2180	1054 2173
2181	1258 466
2182	2253
2183	2031 2648
2184	95 235
2185	351 528
2186	967
2187	528 3304
2188	243
2189	3377 3362
2190	832 946
2191	1020
2192	50 801
2193	98
2194	3122
2195	703 2994
2196	826 54
2197	2405
2198	3003
2199	2363
2200	910
2201	3347 2664
2202	1987 1988
2203	1246
2204	2344 2340
2205	96
2206	1455
2207	2537 1365
2208	2340 1221
2209	2138
2210	76 48
2211	2554
2212	1243 224 1168 228
2213	2776
2214	2734 1841 378
2215	2851
2216	1433 81
2217	552
2218	2508 1744
2219	1079
2220	1997
2221	235 310
2222	495
2223	1920 1921
2224	3052
2225	209
2226	909 2833
2227	684
2228	122 2833 3177 1609
2229	1369 1366
2230	351 1331
2231	1000
2232	3249 2186 2710 2322
2233	258 925 185
2234	768 102
2235	3191 2919
2236	2265 108 1979 2261
2237	1730 2052 373
2238	2117
2239	605
2240	944 763
2241	337 129 130
2242	1229 2602
2243	2836
2244	2008
2245	3335 3390
2246	2150
2247	247 776
2248	794
2249	695 471
2250	2845 3335
2251	2648 1965
2252	2981 2410
2253	1678 1127 570
2254	1126
2255	2959 254
2256	1387 1577
2257	3080
2258	111 1484
2259	575
2260	2242
2261	3321 1979
2262	3210
2263	522
2264	2859 649
2265	1052 849
2266	2320
2267	1838 1205
2268	1127
2269	1428
2270	2322 634
2271	1565 165 1632 569
2272	782 197
2273	192
2274	2628 966
2275	288 2260 1793
2276	938
2277	31 171
2278	705
2279	1080
2280	2559 2656
2281	1350 2589 2358
2282	1872 1871 2135
2283	2457
2284	2394
2285	2446
2286	168
2287	1133 2160
2288	1372 1103
2289	3306
2290	897
2291	1345 2791
2292	3203
2293	501
2294	1741
2295	2987
2296	2922
2297	2554 2013
2298	2035
2299	2105
2300	2913 740 1588
2301	990 961
2302	1159 1266
2303	659
2304	182 207
2305	1703 1704
2306	17 2912
2307	974
2308	635
2309	2328 2337
2310	2374
2311	3190
2312	3386 3376
2313	648 1568
2314	965
2315	288 197 447 200
2316	1203 1649
2317	1384
2318	2105 2104
2319	2368
2320	646
2321	2178
2322	558
2323	1497
2324	813
2325	2765
2326	1107 0
2327	959 996
2328	974 1213
2329	1383
2330	517
2331	3182 2375
2332	955 4 1098
2333	1669
2334	1471 1271
2335	233
2336	3271 2343 1158
2337	3282
2338	1083 2809
2339	436
2340	3237
2341	1273 1496
2342	3148 2587
2343	550
2344	204
2345	2961
2346	2633 2250
2347	3 950
2348	841 1711 802
2349	1258
2350	2664
2351	1861
2352	896
2353	1474 2358
2354	1366
2355	3339
2356	1351 1346
2357	2724 2255
2358	1499 1001
2359	884
2360	172
2361	1493 400
2362	1801
2363	2533 2594
2364	431
2365	2753
2366	2799
2367	1993
2368	950
2369	1683
2370	77
2371	1406
2372	476 52 67 312
2373	1939
2374	1312
2375	2157
2376	145
2377	3165 23
2378	1905 288
2379	360
2380	269 927
2381	2773 1804 1365 1350
2382	2301 3121
2383	1397
2384	394
2385	463 3098 233 3244
2386	3105 2970
2387	738
2388	1831 347
2389	237
2390	288
2391	1397
2392	1109 788
2393	2222
2394	1674
2395	298
2396	1455 1211
2397	1470 318
2398	1104
2399	2835 1149 2971
2400	342
2401	2279 428
2402	1135
2403	1964 50
2404	833 2229 2646
2405	937 1351
2406	385
2407	1988
2408	1999
2409	1999 520
2410	719
2411	3242 1257 2322
2412	1209 1206
2413	3084
2414	50 1127
2415	228
2416	3087
2417	2125 2941
2418	278
2419	48
2420	3098
2421	238 2475 1973
2422	2213
2423	1336
2424	2836 2391
2425	76
2426	232
2427	28 2523
2428	950
2429	1628
2430	503 520
2431	2091 727
2432	1483 2487 2742
2433	2468 2666
2434	2593 2638 3301
2435	273 1673
2436	2088 498
2437	297 181 713
2438	1858
2439	3268
2440	1504 96
2441	1903
2442	1297 946
2443	1752
2444	2330 2344
2445	59 200
2446	1426 722
2447	3061 1802
2448	2693 285 201
2449	488
2450	3221
2451	1536 1664
2452	288 2223
2453	1590 1591
2454	2385
2455	3304 3303
2456	385
2457	2202
2458	1122 1127 254
2459	654 1938
2460	1203 561 560 888 318
2461	212
2462	191 918
2463	1322
2464	3164
2465	3138
2466	1248
2467	1350
2468	2518
2469	569 66
2470	3339
2471	1046 1049
2472	78
2473	1218 1204
2474	2588
2475	3186 3018
2476	2492 1666
2477	1775 1817 1856
2478	1366
2479	1565 126 1470
2480	1546 1283
2481	2433 526 358 364
2482	1027
2483	712
2484	1318
2485	3018 485 357
2486	1824
2487	1394
2488	2869
2489	1744 1465 2664
2490	1465 1662 2526
2491	1719 1328
2492	551 591
2493	140
2494	0 1336 2458
2495	444
2496	288 1531
2497	1769
2498	2250 2631 1931 1556
2499	2543 2969
2500	1428 236 847 734
2501	1325
2502	386 2322 1723
2503	2994 1366
2504	1638
2505	2028 1717 2322 1484
2506	480 2935 971
2507	8 1003
2508	1543
2509	1807
2510	1668 2374
2511	2665
2512	974 770
2513	419
2514	2743
2515	2048 2410
2516	2690 3213
2517	2527 2416
2518	3056
2519	2675
2520	2951
2521	2458 1053
2522	2576
2523	3364 3384
2524	1272 0
2525	2424
2526	2651
2527	3277
2528	1043
2529	422
2530	1141
2531	2473 2475
2532	2235 1782
2533	3328 3329 2901 3130
2534	1315
2535	1084
2536	1462
2537	643
2538	602
2539	668 857
2540	126
2541	254
2542	331 870 10 280
2543	1778
2544	2497
2545	27 28
2546	926
2547	1633
2548	69 1564
2549	1114
2550	2637 1274
2551	421
2552	2434 393
2553	368 3109
2554	1611 1302
2555	62
2556	2128
2557	2028
2558	2960
2559	748
2560	1810 1151
2561	1285 978
2562	2164 1551
2563	2766 2297 2764
2564	447
2565	538 2498
2566	1293 2937
2567	2247
2568	478
2569	1104 1227
2570	1356
2571	346
2572	2344 2349
2573	1103
2574	2938 603
2575	1058
2576	2755 1146
2577	879
2578	1119
2579	2582 2831
2580	3189 2914 2917
2581	3276
2582	989 1547 576
2583	1117
2584	10
2585	920 696 3165 2942
2586	1718 433
2587	2769
2588	1984
2589	769 542
2590	773 621
2591	1103 2961
2592	2061
2593	1371 1333
2594	2756 3337 1464 1348
2595	637 924 443
2596	1765
2597	836
2598	2486 1108 2206 2045
2599	1076
2600	441
2601	698 813 2305 59
2602	231 776
2603	761 2679
2604	43 620 525 1854
2605	1778 118
2606	1019
2607	1484 1464
2608	2912 1339
2609	132
2610	1239 2039
2611	2474
2612	972 832
2613	2068
2614	1361 1363 1126
2615	171 99
2616	86 492 1606
2617	318
2618	1816
2619	96
2620	1109
2621	2100
2622	1090
2623	517 1153
2624	158 1508 967 776
2625	3176
2626	1643 1064
2627	2253 78 1600
2628	3218
2629	1516 950
2630	1355
2631	974 977
2632	2979 2459
2633	2662
2634	1872 1891
2635	1135
2636	2928
2637	1650
2638	3304 3303
2639	2339
2640	1813
2641	2025 2462
2642	888
2643	397
2644	1491
2645	2662 95
2646	1580
2647	1356 1139
2648	1465
2649	3028 3385 3308
2650	3304
2651	1358
2652	30
2653	1795 1620
2654	3314 3151
2655	170 222
2656	408
2657	1109
2658	1756 44
2659	2028
2660	365 1045
2661	781 1441
2662	2162
2663	442
2664	2259 578
2665	2829 2737
2666	2015 775
2667	1401 679 2912
2668	782 2502
2669	1783 2628
2670	960
2671	712
2672	1797
2673	2961 2526
2674	2147
2675	2643
2676	2820 1849 1851 2514 1246
2677	221
2678	723
2679	532 1033
2680	841
2681	654 1711
2682	97 3211
2683	1307 1073
2684	1972
2685	1570
2686	831
2687	677
2688	2405
2689	1556 733
2690	1139 1097
2691	2874 1417
2692	1864
2693	1240 3120
2694	1601
2695	274 1802
2696	3104 2763
2697	1744 3091 2517 2053
2698	2480
2699	2407 2876 1964 1332
2700	1896 1897 520
2701	1833
2702	2928 3205
2703	1611 1302
2704	1744 63
2705	2741
2706	3251 801 782
2707	156 1954
2708	232
2709	1939
2710	584
2711	2283 497
2712	1707
2713	1860
2714	1360 1037
2715	750 990
2716	911
2717	476 548 1470
2718	1508 2405
2719	1478 1477
2720	1689 126 1343
2721	3040
2722	76 2105
2723	2019 2010 1248
2724	2384 3017 2385
2725	783 1566
2726	905
2727	2664
2728	1789
2729	288 197
2730	1763 1963
2731	126 931 2057
2732	204
2733	725
2734	1427
2735	2438 1262 1628
2736	107 883
2737	3302
2738	3177
2739	645
2740	3003
2741	2918
2742	2174 1149
2743	2443
2744	3384
2745	406 2349
2746	3278 2990
2747	2393 537
2748	801 2555
2749	1017
2750	801
2751	2338
2752	334
2753	3083
2754	3261
2755	1933
2756	2188 1999 2464 1465
2757	2813
2758	2781 59 1928
2759	268 1675
2760	2659 111 2023
2761	2833
2762	2082 2087 2085 1940
2763	311 1942 1231 182
2764	478 3197
2765	49
2766	1776
2767	2540 825
2768	1519
2769	1687 466
2770	1165
2771	1244 409
2772	2716
2773	2240 1719
2774	3273
2775	1509 1515
2776	1249
2777	2344 2351 2338
2778	1349 2029 1348
2779	1893
2780	1193
2781	951 467 676
2782	308 1593
2783	2322
2784	764
2785	2775
2786	1972
2787	2524
2788	2151
2789	1003
2790	677 0
2791	349
2792	1611 49
2793	157 2969
2794	193
2795	1135
2796	977 975
2797	1867
2798	76 548 397
2799	2830 2256
2800	1306 699
2801	836
2802	1633 1490 1010 191
2803	2587 3186
2804	2883
2805	3094 3093 2633 2585
2806	1212 1909
2807	827 1183
2808	2614
2809	2230
2810	941
2811	2587 3207 2615
2812	1584
2813	2783 1918 3389
2814	2952 397
2815	2098
2816	1022
2817	2074
2818	776
2819	402
2820	2479 1898
2821	189
2822	781
2823	3356
2824	2979 1905 100
2825	1000
2826	836 2755
2827	1387 1679
2828	3250 827
2829	1046 2432
2830	315 2024
2831	76 288 393
2832	1586
2833	1569 50 2409 1662
2834	712 725
2835	1966 62
2836	2555
2837	541
2838	3056
2839	2187
2840	2916 190 1913 1825
2841	2742 6
2842	1567
2843	2062
2844	747 200
2845	1002 1099
2846	49
2847	2421
2848	1812
2849	2484
2850	2583 1729 2106 2064
2851	911
2852	1712 1977
2853	2447 360
2854	1003
2855	852
2856	111
2857	938 911
2858	1664 2137
2859	658
2860	3017 2405
2861	610 2990 2108 3122 508 2994
2862	843 2137 827
2863	1917
2864	1355 1267
2865	694
2866	714 1005 1142 1646
2867	3032
2868	1865 3028
2869	178
2870	1190
2871	3292 3284
2872	2467 1329
2873	1071
2874	1020 1273
2875	497
2876	2270
2877	2403 1414 230
2878	2053 2959
2879	2340
2880	2466 1350
2881	461
2882	3214 1261 2002
2883	1003 2783
2884	2932 2265
2885	857
2886	609 607
2887	2575 1463
2888	1183 776
2889	2948
2890	476
2891	1295 3173
2892	1708
2893	320
2894	607
2895	3040 2440
2896	3250
2897	1373
2898	1885
2899	1609 3217 654
2900	2179
2901	1355 1407 1493
2902	2025
2903	3227
2904	1639
2905	2768 1758
2906	179 2057
2907	1678
2908	417 104
2909	2344
2910	1701 1974 700 2818 2823 1015 1054 1983
2911	535
2912	2991
2913	473
2914	2644
2915	1534
2916	584
2917	1297 2098
2918	756
2919	50
2920	2025
2921	601 3236
2922	1414
2923	1664
2924	1683 1021
2925	1056
2926	1467
2927	426
2928	2177 3218
2929	911
2930	637 225
2931	951 1827
2932	757
2933	2315
2934	398
2935	394
2936	3331 3325
2937	2397
2938	1988
2939	272
2940	1084 367
2941	722 526 428
2942	1905
2943	881 1828
2944	172
2945	1820
2946	1446 1456
2947	1710 503
2948	2442 528
2949	3366 2884 3252 3365
2950	1121 2717
2951	2834
2952	3151
2953	1956
2954	1666 3236
2955	59
2956	730 1273 2200
2957	1530 2206
2958	1127 1230
2959	2519 3135
2960	270
2961	2887
2962	1389
2963	2562
2964	1369
2965	774
2966	3151
2967	3363 3382
2968	1158
2969	1487
2970	1076
2971	1048
2972	790
2973	1429
2974	1343
2975	1407 802 2433
2976	1825
2977	929
2978	3176
2979	76 1273
2980	289
2981	3200
2982	1545 2793
2983	614 547 2991
2984	2435 924
2985	369
2986	758
2987	16
2988	1273
2989	125 951
2990	3201 222 716
2991	382
2992	1669
2993	1465
2994	2433
2995	1831 448
2996	2115
2997	1114 680 1789
2998	2720
2999	127 1952 2051 1334
3000	3289
3001	2866
3002	1135 3150
3003	917 2702
3004	1098 1104
3005	1688 50
3006	1084 286
3007	2056
3008	1720 773
3009	2993 1386 2441
3010	2684 2686
3011	1749
3012	303 1683
3013	2046
3014	2181
3015	1258 2493 3083
3016	1486 1291
3017	776 219
3018	1359
3019	1415
3020	1407 1361 1350
3021	1400 275
3022	561
3023	3023
3024	2032
3025	470 986
3026	185 2703
3027	1839 677
3028	2583
3029	550
3030	2325
3031	2877 1509 1304 3269 1302 1506
3032	2935 2322
3033	2244
3034	110
3035	2403
3036	225
3037	3048 3070
3038	981
3039	3022 1742 1833 2854
3040	2320
3041	3089
3042	1259 1419
3043	560
3044	2651
3045	3172
3046	1033 230
3047	948 279
3048	1620 3359 3378 3040
3049	2536
3050	1238 667 2405 1211
3051	2207 1047
3052	1744 2322 1174 3025
3053	273 274
3054	721 1690
3055	2405
3056	335
3057	1300
3058	2759
3059	890
3060	175
3061	981 371
3062	2318
3063	1500
3064	2658 49 812
3065	1264 1418
3066	3143 50 2739 3141 2379 1974 1500 2546 2722 2818 2186 2371
3067	714 139
3068	1603
3069	288 59 1502
3070	1650 2283 2807 2088
3071	28 27
3072	288
3073	476 1205 2148 1005
3074	1631
3075	3220 1597
3076	3271 186
3077	414 230
3078	155
3079	3152
3080	1381
3081	1636
3082	2215 810 2649 1970
3083	907 528
3084	2409
3085	1696
3086	1210 1209 1206 1594
3087	0 1434 1182
3088	1509
3089	2276 3354
3090	955
3091	496 1862 834
3092	1350
3093	2116
3094	130
3095	1723 998
3096	3086
3097	2443
3098	358
3099	628 323
3100	3334 1696 3208
3101	962 1421
3102	87 2876
3103	342
3104	2232 1655
3105	254 197 144
3106	802 801 281 1924
3107	1135
3108	126 2391 564
3109	3220 1248 1592
3110	254
3111	2418
3112	50 978
3113	192 1095
3114	1084 104
3115	3346 111 1776 423
3116	1674
3117	1879 605
3118	2344 2347
3119	3127
3120	823 0
3121	1003
3122	3209 375
3123	712 2542
3124	798
3125	718 1599
3126	1046 1039
3127	1002 922
3128	616 1377
3129	1681
3130	230 1040
3131	1219
3132	2695
3133	2551
3134	3020 718 1743
3135	2871
3136	1818 1636 1320
3137	1002 1099
3138	1692 2990
3139	3045
3140	2276
3141	776
3142	1434 1441 470 1839
3143	352
3144	950 1086
3145	1821 1511 691
3146	147 1132
3147	1737 2017
3148	1577
3149	820
3150	302
3151	2662 2594
3152	1968 1777
3153	2365 2763
3154	1731
3155	2322
3156	406 50
3157	2876 194 95
3158	2907
3159	1397
3160	635 432
3161	1047
3162	579 315 3219
3163	3369 3151
3164	287 1465 622
3165	2344 647 2347 2337
3166	2867
3167	2800 67
3168	949
3169	306 173
3170	1816 50
3171	2463 2468 2477
3172	1255 2697
3173	1350 1329
3174	782
3175	1683 1140
3176	313
3177	2374
3178	2510 1501
3179	2405
3180	2295
3181	1048 1359
3182	3092
3183	833 1609 2618
3184	213 1003
3185	65
3186	801 1968
3187	2071
3188	530 504
3189	2801 911
3190	645 1323
3191	634
3192	1255 759
3193	1627 1447
3194	2445
3195	2419
3196	809
3197	583
3198	2329 2346 2342 2344 2348 2349 2340
3199	1493 2810
3200	1678 1035 2448
3201	2630 1133
3202	603 480
3203	322 321
3204	576
3205	3304 2994 3036 1407
3206	1413
3207	231 193 192
3208	3170 3171
3209	2663
3210	27
3211	2885 971 545
3212	3196 3229 2965
3213	3132
3214	2873 1383
3215	2705
3216	88
3217	2624
3218	2619
3219	440
3220	2863
3221	2297
3222	234 5
3223	191 1547 2343 2883 273 1365 2704 2349
3224	2932 2933
3225	2143
3226	938
3227	714 1064
3228	2638
3229	2430
3230	1845 2089
3231	2358 1046
3232	2990 3278
3233	3304
3234	2220
3235	1622 2977 3304 3303
3236	272
3237	2340
3238	50 2711
3239	2301
3240	2889
3241	235
3242	1135
3243	3113 2500
3244	2172 67
3245	2028 2622
3246	3224
3247	2440 1366 122
3248	1981 810
3249	1076 1387
3250	1135 1026
3251	501
3252	1484 2990
3253	62
3254	2688
3255	2358 2246 2370
3256	2259 1391 2428
3257	824 1119
3258	2166 1735
3259	581
3260	3073 2099
3261	1 2408 449
3262	388 1678
3263	126
3264	111 1273
3265	2069 2917 2071
3266	2984
3267	2020
3268	318 1646
3269	495
3270	1327 1326
3271	1251
3272	2995 232
3273	911
3274	15
3275	700
3276	3278
3277	260
3278	2543
3279	2315
3280	833
3281	2235 1544
3282	3247
3283	1690 2405
3284	2588 781 776
3285	206
3286	28
3287	1692 2131
3288	2509 1742
3289	866
3290	2613 2611
3291	910 2753 2644
3292	671 3248
3293	977 976 975
3294	2113
3295	1284
3296	2549 1743
3297	1205 67
3298	3130 3331
3299	1356 671 1407
3300	2975
3301	3014
3302	1683
3303	891 204
3304	2309 2801
3305	2994
3306	1962
3307	2405 2408
3308	1205 66
3309	3222
3310	2592 2633
3311	2711
3312	267
3313	225 370
3314	2319 2201
3315	2405
3316	894
3317	2815
3318	1304 1138
3319	2441
3320	1878 768 2532
3321	3061 3059
3322	3020 1482 1246
3323	1629 2249
3324	274
3325	2087 1940 2085 1941
3326	1792
3327	240 338 2859 80 1345
3328	2059
3329	776 2403 55
3330	474
3331	2672 2975
3332	2683 2632
3333	1556 818
3334	3127
3335	476 67
3336	2021
3337	2114 76
3338	282
3339	2750
3340	2966 2322
3341	1794
3342	3148 2626
3343	2410 3017
3344	2840
3345	3151 2440
3346	198
3347	1944 54
3348	28 200
3349	2992
3350	3048
3351	1236 3174
3352	2490
3353	2210
3354	2193 815
3355	50 503
3356	1196
3357	850
3358	1441
3359	2405
3360	3333 3389
3361	3307
3362	2063
3363	2758
3364	1253
3365	3386 3376
3366	1003 635
3367	933
3368	465
3369	2881 59
3370	2107 2783
3371	2543 1683
3372	2742
3373	2795
3374	50
3375	2768
3376	247
3377	2572
3378	2891 1727 911 3220
3379	2849 1052 1133
3380	1729 2615 2238
3381	27
3382	414
3383	1121
3384	1595
3385	607
3386	386 782
3387	2870 2517 2506
3388	1292 956 959
3389	958 351
3390	2184
3391	2519
3392	210
3393	213 133
3394	1409 1517
3395	1361
3396	1205
3397	2249 845
3398	1244 2333
3399	1274 286
3400	89
3401	1242
3402	2389 377
3403	2567
3404	111
3405	471 922
3406	49 3143
3407	2676 1484
3408	1777
3409	602
3410	3230
3411	244
3412	1173
3413	1034 1358 1407
3414	2543
3415	3066
3416	2426
3417	2452 3054
3418	1614
3419	81
3420	2942
3421	849 1174
3422	1128 1115
3423	2401 1595 2257 1318
3424	2146
3425	1023
3426	1888 74
3427	1501
3428	1665 529 123
3429	1246 1248
3430	414
3431	2633
3432	635 2550
3433	2590
3434	1977 1223
3435	2210
3436	1738
3437	548 352 1906 783
3438	2533
3439	888 2227 1632 1018
3440	1577
3441	2899
3442	918 3078
3443	521 16 1068
3444	1385 2158 417
3445	2227
3446	1979 3225
3447	575
3448	531 698
3449	1296
3450	824 782
3451	1046 2441 1297 1037
3452	1012
3453	790
3454	3104 2761
3455	2079
3456	1007 3181 2272
3457	2577
3458	190
3459	0 1413
3460	2994 690
3461	1972 46 793
3462	880 566
3463	143 284
3464	1767 678
3465	269
3466	967
3467	2994
3468	1214
3469	272
3470	779 1882
3471	288
3472	1331
3473	386
3474	1039
3475	2417
3476	818 817
3477	1283
3478	1068
3479	682
3480	3247
3481	495
3482	1135
3483	717 636
3484	1297 1493
3485	831
3486	1965 538
3487	1771 195
3488	1390 1393
3489	2507 2401 2991 2869
3490	27
3491	2058
3492	65
3493	2289 2408 2830
3494	462
3495	635 2527
3496	495
3497	1360 3278 537 1044 1815
3498	2887 781
3499	49 1798 1260
3500	179 298
3501	999
3502	185
3503	872
3504	3219 3217
3505	924
3506	1888
3507	3197
3508	2931
3509	2270
3510	2433 2452
3511	2136 2383
3512	1870
3513	1296 660
3514	3129 1343 2406 3160
3515	1862
3516	2740
3517	1395
3518	332 374
3519	32
3520	600
3521	2778 3183
3522	35
3523	1659
3524	726
3525	1483
3526	836
3527	332
3528	1248 74
3529	393
3530	2588
3531	1753
3532	820
3533	938 1046
3534	2951 2825 50
3535	1792
3536	588 1430 211
3537	2789 3038 2476 1418
3538	517 655
3539	2010 2033
3540	3344
3541	2814 2599 2811
3542	686 1932
3543	1098
3544	1460
3545	806
3546	1310
3547	2410
3548	111 97 2609
3549	2543 2322
3550	2078 352
3551	1656
3552	1679 18
3553	802
3554	1920
3555	659
3556	801 62 2962
3557	2172
3558	1705
3559	365 548
3560	1084
3561	1472
3562	923
3563	1135 2377
3564	1769
3565	2687 2035
3566	467 714
3567	312 1777
3568	1323 2014
3569	62 3120
3570	576 165
3571	1610 1611 481
3572	1002
3573	39
3574	756 1156
3575	76
3576	608
3577	1084
3578	761 1084
3579	2158 1077
3580	1024
3581	1138 1109
3582	1736 2306
3583	2761 2886 1612
3584	1695 249 27
3585	1003
3586	1167
3587	424 185 420 1372
3588	464 372
3589	1736 345 421
3590	1108
3591	3106
3592	3082 2665
3593	50 1055
3594	2211 414
3595	2121
3596	3316 3317
3597	258 16 94
3598	2477 942
3599	949 950
3600	2123
3601	444 2823
3602	2790 1350 23 239
3603	829 2205
3604	1235 369
3605	3234
3606	1971 2719
3607	1594 1743 880
3608	67 2818 2344
3609	69 3249 916
3610	1470 2344 2339 3271
3611	106
3612	845
3613	889
3614	1692 2131
3615	1098
3616	403 531 667
3617	2053 2544
3618	882 2405
3619	866 2892 2897 2801
3620	2466
3621	596 173
3622	67
3623	1862 86
3624	353
3625	1074
3626	506
3627	3201 1822
3628	1741 496
3629	2016 2405 2290
3630	167 995
3631	1417 1684 2229
3632	1968
3633	666 1399
3634	776 1182 1442
3635	1889 3075
3636	1129
3637	2130
3638	1205 1046 507
3639	2189 1371
3640	2328
3641	952
3642	2085 1940 2081 2082 1941 2079 2083 2080
3643	888
3644	467
3645	95
3646	1744 1566
3647	1084
3648	49 575
3649	900 431
3650	2820
3651	3380 3378
3652	1800
3653	76 200
3654	424 664
3655	1576 3293 620
3656	46
3657	1159 1446
3658	2423
3659	676 1612
3660	1900 2772
3661	1945
3662	2242
3663	1864
3664	746 1670
3665	603
3666	1040
3667	288 1014
3668	2910 702
3669	2969 3166 2526
3670	695
3671	342
3672	743 1465 1214 1225 1081 1685
3673	2393 1350
3674	702 823
3675	1337 2207
3676	3120 724
3677	2664
3678	3328 3327 3130 3330 2900 3128
3679	1365 1361
3680	2350 2351
3681	2372
3682	256
3683	1003
3684	1387 2837 82
3685	1949 42
3686	978 974
3687	3312
3688	2227 49
3689	2132 1876
3690	2344 2349 2346 2343
3691	1465
3692	3325 2901
3693	609
3694	2344 1887
3695	503
3696	3281 3284
3697	3121
3698	365
3699	2568
3700	2467 2466 1365
3701	2137
3702	3065 3305
3703	717
3704	1435 2912
3705	1609
3706	2713
3707	677
3708	1161
3709	3255
3710	874 1031 2096 387
3711	1428
3712	527
3713	1211 1535
3714	1539 1611
3715	1830 1770
3716	1135 1164
3717	318 547
3718	926 1101
3719	1960 828
3720	1793
3721	662
3722	1688 934
3723	2435
3724	902 446
3725	2646 748 833
3726	694
3727	2218 1812 676
3728	1635
3729	938
3730	1202 864 197
3731	843
3732	3092 274
3733	2242
3734	352
3735	2238 2619
3736	397 538 1679 1630
3737	1823
3738	2600
3739	845
3740	3043 2172
3741	342
3742	2505 2065
3743	1338
3744	3140 799
3745	1119 702 2254
3746	1822
3747	880 1824
3748	1135 2456
3749	259
3750	2267
3751	163
3752	1609 1608
3753	917
3754	2058 1656
3755	3170
3756	572
3757	856 2969
3758	3112
3759	2566
3760	2823 1968
3761	1135
3762	458
3763	2958 1631 636
3764	2293
3765	23
3766	423
3767	453
3768	1177
3769	1972
3770	305 466
3771	1350 1358
3772	1291
3773	1261
3774	829 1930
3775	1083 2393
3776	1704 1953
3777	1862 524
3778	2084 2081 2080 2083
3779	2836 3085
3780	2241
3781	1680 1554
3782	5 1402
3783	167
3784	1248
3785	1476
3786	0
3787	1666
3788	2356 2211
3789	1062 2834 729
3790	673
3791	2639
3792	1253 315
3793	2814 1149
3794	384
3795	1731
3796	2042
3797	665 1947 370
3798	2545 1683
3799	2054
3800	149 136
3801	1494 582
3802	3228
3803	2470 2405
3804	526 523
3805	616 328
3806	1047 711
3807	740 1022 50 2926 1455 616 2018
3808	2160 76 924
3809	1411
3810	1824 149
3811	668
3812	2017
3813	1302
3814	1731
3815	1494
3816	2448 2450 455
3817	1116
3818	1643 2685
3819	503
3820	414 234
3821	3329
3822	1163
3823	3176 3177
3824	2947
3825	1959
3826	1903
3827	2453
3828	1835
3829	1695 2130
3830	2486 3204
3831	1525 1517
3832	2408
3833	1977
3834	1074
3835	3074 2
3836	501
3837	1966 918
3838	2580
3839	3342 2706 2933 709
3840	1687
3841	2617 2485 1087 2643
3842	996
3843	2987
3844	1845 1211 1972 2218
3845	1224
3846	803
3847	890
3848	3 292
3849	1904
3850	1609 1608
3851	3176 797
3852	50 2031
3853	2505 2629
3854	3078 2929 2426
3855	2971
3856	235 1464
3857	2505
3858	3297
3859	2008
3860	2423 888
3861	987
3862	1827
3863	589 3079
3864	288 834
3865	1567
3866	1552 235 2128
3867	715
3868	342
3869	2058 68
3870	306 235
3871	280 1072
3872	2
3873	2282 28 27
3874	1210
3875	3139 3027
3876	2316
3877	828
3878	1623 2722
3879	1800
3880	1745
3881	776
3882	1082 3159 2064 3198
3883	318
3884	2068
3885	624
3886	3064
3887	2650
3888	28 27
3889	790
3890	199
3891	1330 50 539
3892	2242
3893	774 677 1276 3272
3894	2358 2888
3895	2506 173
3896	2807
3897	3219 907
3898	1959
3899	1149 918 2482 1849 606
3900	2982
3901	3288
3902	280
3903	2238 1745 2064
3904	1601
3905	546 323
3906	573 1388 1004
3907	1677
3908	67
3909	427 1595
3910	323 2054
3911	2252
3912	67 1203 476
3913	967
3914	1956
3915	2810
3916	927 90 3268 3297 2281 1297 2703
3917	2491
3918	1129
3919	1302 1607
3920	1744 909
3921	437
3922	1125 1113
3923	1967 69 1008
3924	936
3925	1034 2358
3926	2411
3927	1096
3928	2344 359
3929	2101 801
3930	1676 470
3931	514 305 958
3932	798
3933	50
3934	191 516
3935	3178 3176
3936	252
3937	153 548
3938	1329
3939	414
3940	2030
3941	162
3942	338
3943	1985
3944	139 995
3945	132 2273
3946	1728
3947	108
3948	1345 1324
3949	1018 1016
3950	2438
3951	369 745 667
3952	2437 1693
3953	671 1118
3954	1109 108 2655
3955	3270 3004
3956	2466 246
3957	3381
3958	2626 2627
3959	428 722
3960	502
3961	1189 79 1191 78
3962	1101
3963	50
3964	1878
3965	1484 2305
3966	3375 2689
3967	3036
3968	1990
3969	1552
3970	1589
3971	194
3972	592 2541
3973	702
3974	2238
3975	1484
3976	2857 2124
3977	2137
3978	1135 3150
3979	1206 1209
3980	802
3981	1381 2636
3982	1719
3983	2212
3984	2124 978
3985	866 2361
3986	1397 2743
3987	1565
3988	1523
3989	2897 1509 2866
3990	3261 1057
3991	2405
3992	3115 1862
3993	298
3994	3058 1410
3995	499 661
3996	2990
3997	191
3998	838
3999	1311 1903
4000	403
4001	1397
4002	2173 1323
4003	207 886
4004	1861 2498 722 1029
4005	59
4006	1442
4007	236
4008	3015
4009	272
4010	1135
4011	2862 53
4012	365
4013	1914
4014	139
4015	2393 938
4016	533
4017	1964 1713
4018	392 1187
4019	548 1862
4020	8
4021	3303
4022	3134 2210
4023	254 2405
4024	330
4025	2000 863
4026	434 1528 479
4027	198
4028	1205
4029	105
4030	318 111
4031	1628 991
4032	7
4033	875 386 2915
4034	1205
4035	1295
4036	285 201
4037	149
4038	76
4039	1514 1698
4040	2813
4041	2135 253 2923 1872
4042	236
4043	1434
4044	2811
4045	643 1306 802 59
4046	1361 2377 791
4047	3180
4048	28 27 2383
4049	729 169
4050	804
4051	410 1297
4052	2882
4053	3283
4054	863
4055	282
4056	1356 1367 1365
4057	1117
4058	1836
4059	2124 888
4060	1569 1465
4061	2512 2751 1211 1484
4062	50 1764 819 1816
4063	2127
4064	2031 0
4065	3392
4066	1665
4067	1976
4068	2594
4069	2854
4070	972 853 835
4071	820 1302 1921
4072	2245
4073	2791 2619
4074	2418 2636
4075	746 744
4076	866 1606
4077	1065
4078	1696
4079	3004
4080	2823 3157 1171 3010
4081	1724 1508
4082	1961 2000
4083	2112
4084	1016
4085	1077
4086	50
4087	950 1404 555
4088	635 169 1574
4089	633 2021
4090	500
4091	906
4092	932
4093	2024
4094	762
4095	2170 1557
4096	960 948
4097	365
4098	1218
4099	352 1397 1018
4100	3020 1556 2820
4101	3076 189
4102	2366
4103	1366 3278 410 1361
4104	1788
4105	776 95
4106	1018
4107	1756
4108	411 101
4109	1075
4110	190 3165
4111	651
4112	1394 1566 1373 2958
4113	1289
4114	2338
4115	2571 2937
4116	2714 1955 1381
4117	194
4118	3219 743 392
4119	2103
4120	1579
4121	67 2526
4122	3234 3233
4123	3168
4124	50 386
4125	771 1594
4126	2955 2188
4127	1704 2527
4128	635 330
4129	697
4130	434 1429
4131	1306 777
4132	1646
4133	984 2912
4134	1296
4135	2912 832
4136	50 819 822
4137	1398 35
4138	1149
4139	1869 2139
4140	2137 1209
4141	3255 2609 2961
4142	2429 1886
4143	2674
4144	3349
4145	49
4146	2227 2324
4147	1098
4148	3344 3285
4149	723 1098
4150	2857 3219 3244 3096
4151	1216
4152	1590
4153	2981 2661 2799 539
4154	231 278
4155	924
4156	2206 172
4157	951 50 531
4158	50 1600 2031
4159	532 2137
4160	3254
4161	3236 2065 1397 1237
4162	518 2499
4163	2165
4164	1741 1844 2408
4165	1103
4166	2413
4167	491
4168	1756 3148
4169	3305
4170	1910 1003
4171	801
4172	2347
4173	2111 2551
4174	1119 1109
4175	2313
4176	2542 2400 1905
4177	2331 2344
4178	1034 1423
4179	2932
4180	1320
4181	2198
4182	321
4183	837
4184	176
4185	2165 508
4186	545 212
4187	3084
4188	1934
4189	2110
4190	2557 1699
4191	2585 2548 2552
4192	2993
4193	10 2363
4194	578
4195	971
4196	1203 324
4197	2304
4198	543
4199	937 399
4200	1972 220
4201	957 1069 130
4202	2215
4203	2433 1302
4204	492
4205	3208
4206	1397 1597
4207	2171 1565 1566
4208	2614 645 1440
4209	2875 2203
4210	853
4211	2946
4212	1343 1688
4213	1465 62 1273
4214	1708
4215	1278 3340
4216	3027
4217	910
4218	2187 1039 293
4219	2823 2817
4220	925 950 604
4221	127
4222	2133
4223	722 526
4224	207
4225	593 2222
4226	1783 1776
4227	1361 938 1511
4228	231
4229	1135 253
4230	718
4231	1257 1205
4232	1952 1803
4233	1428 429
4234	2832 3286
4235	2508
4236	1047 1048
4237	288 3195
4238	101
4239	2793 10
4240	2525 1458
4241	386 1561
4242	280
4243	2188 2464
4244	972
4245	191 1397
4246	635
4247	2015
4248	3093
4249	1524 414
4250	3304 3151 3312
4251	636
4252	1082 86 1263
4253	126 391 709 741
4254	2989
4255	1744 2607 84
4256	85
4257	774 589
4258	1273 622
4259	1030 2405 1206 1207
4260	2783
4261	50 3219
4262	236
4263	510
4264	3158 802 2040
4265	805
4266	1488 157
4267	1465
4268	2401 2376
4269	2378
4270	1169
4271	2127
4272	247 233
4273	1474
4274	319 815
4275	2422
4276	1579
4277	1046 3115 3250 2527
4278	272 1952
4279	680 1397
4280	1744 1569
4281	2040
4282	3358
4283	656 1901
4284	1297
4285	959
4286	2507 1903 2057
4287	608 1003
4288	1609
4289	3271
4290	2295
4291	2992 2964
4292	1010 49
4293	978 974
4294	272 938
4295	2727 208
4296	87 1257
4297	1030 236
4298	756
4299	2287
4300	699
4301	235 1453 2607
4302	355 1126 1362
4303	3312 3313
4304	2373
4305	191
4306	2725 1981
4307	3021 1683 1648 1494
4308	2075
4309	3314
4310	3304 2701
4311	377
4312	1303 1302
4313	966
4314	1205 2783
4315	3250 14
4316	1290
4317	2221
4318	2752 2836
4319	172 829
4320	1084
4321	1391
4322	1118
4323	951 1838
4324	1097
4325	3111 3118
4326	2286
4327	1471 803
4328	974 975 1033
4329	27 2675
4330	2405
4331	859 989 675
4332	3329
4333	2192 935 1784
4334	82 1024
4335	1255 1100
4336	2239 424
4337	2079 2082
4338	1050
4339	619
4340	3371
4341	2869
4342	1287
4343	1059 164
4344	3225 2617 1506
4345	50
4346	1308 2611
4347	730 1743
4348	95 1722 2441
4349	1916 204
4350	1465 2836 3132 318
4351	1045 1360
4352	3006
4353	0
4354	663 665
4355	1894
4356	559
4357	95
4358	2203
4359	1484 1465
4360	2728
4361	1715
4362	649
4363	3074
4364	80
4365	2527
4366	233 3362
4367	1356
4368	1077 32
4369	306 161
4370	1862
4371	1045 1493
4372	549
4373	2353
4374	365 1886 219 776
4375	1434 1441
4376	1775 1830
4377	2322 2460
4378	352 1322
4379	3232
4380	191 712
4381	2050
4382	2969
4383	49
4384	1927
4385	60
4386	2405 3129
4387	50
4388	3362 3364
4389	2556 746
4390	1360
4391	2887
4392	922
4393	27
4394	687
4395	2480
4396	619 2774 2462
4397	50 1235
4398	1075
4399	323
4400	2433 2358
4401	45
4402	1929 2286
4403	780
4404	2237 2041
4405	94
4406	1200
4407	293 1205
4408	1836 324 1205
4409	2216 463
4410	1396 339
4411	2647
4412	733
4413	78
4414	1003 67
4415	840
4416	3250
4417	1639
4418	2966
4419	1905
4420	635
4421	2327
4422	1180
4423	823
4424	2095
4425	3050
4426	2819
4427	2441
4428	2467
4429	195
4430	2372
4431	73
4432	3192
4433	3119
4434	1964 1974
4435	1112 2139
4436	254
4437	3009
4438	888
4439	2633
4440	982 555 477
4441	1131 2688 548 942
4442	451 1475
4443	2696
4444	2594
4445	2007
4446	1509 2639 2742
4447	1168
4448	2627
4449	3389 2241 3098 3354 1240
4450	2913
4451	756 1268
4452	854 853
4453	749
4454	1821
4455	3052
4456	1741 1247 3220 304
4457	53 170
4458	2656
4459	2731
4460	1361 1083
4461	619 3351
4462	2028
4463	1768 778
4464	3389
4465	1246
4466	1222
4467	275
4468	393 76
4469	3351
4470	2412
4471	441
4472	705
4473	1093
4474	69 2620
4475	1551
4476	1378 791
4477	173 3320 1887
4478	2503 2527
4479	677
4480	3151
4481	976 974 1042
4482	3148
4483	782 2850
4484	814
4485	5 876
4486	620 3333
4487	3096
4488	1874 2530
4489	2889 2529 1216
4490	2905 2807
4491	2960 1909
4492	1322
4493	619
4494	2082 2079 2087 1941 3290 3310
4495	1061
4496	3037 1334
4497	1310
4498	3090 2462
4499	22 1276
4500	3379
4501	2767
4502	2241
4503	399 1925
4504	62 801
4505	211 294
4506	157 1887
4507	262
4508	2297
4509	3142
4510	1710
4511	1705
4512	2343 3280
4513	1248
4514	356 938 1126
4515	1612 811 1303
4516	1104
4517	2231
4518	289
4519	3154 3147
4520	496
4521	406
4522	3333 2344
4523	2964
4524	222 443 181
4525	1618
4526	1716
4527	155 3033
4528	2943
4529	162
4530	2132 1875
4531	1279
4532	2359 103
4533	86
4534	1146
4535	1962 2290
4536	1567 3080
4537	1436 502
4538	1000
4539	84
4540	1174 782
4541	2888 1493
4542	1520
4543	2089
4544	1991 1966 17 608
4545	279 480
4546	1764
4547	1869
4548	819
4549	2199 1520
4550	2251
4551	1289 592
4552	419
4553	1306
4554	1687
4555	3279
4556	2084 1940 2081 2082 2086 2080 3310 2083 2079
4557	689 807 1583 1028
4558	1230 1657
4559	95
4560	397
4561	290 264
4562	2921
4563	50 395
4564	3390 2632 1819
4565	2106 383
4566	1683 76
4567	3009
4568	3103
4569	2105 1322
4570	564 167
4571	1183
4572	430
4573	844
4574	50 1009
4575	1100 1099
4576	0
4577	1694
4578	2102 1464 3249 3089
4579	174
4580	1337
4581	1165 1645
4582	3146 288
4583	2119
4584	236 2508
4585	2769 1972
4586	2424 557
4587	1367 541
4588	1541
4589	548
4590	2223 2178
4591	50 1609
4592	1651 1025
4593	348
4594	1834
4595	329
4596	1702 700 1626 1989
4597	216
4598	2922
4599	547 2664 3022
4600	2291
4601	3289 1655 3357
4602	1641 674
4603	2834
4604	1490 2172
4605	3099
4606	1906 393 397
4607	1151
4608	50
4609	3228
4610	933
4611	1329 2466 3188 537 2888
4612	1351
4613	630 2636 1609 1608
4614	2362
4615	2879
4616	1683 1470 2906 1490
4617	2137
4618	1426
4619	1004
4620	2636 2637
4621	1744 3007
4622	1617
4623	3324 3387 3169
4624	1441 1326
4625	3167
4626	672
4627	1429 319
4628	1350 1358
4629	2134
4630	2202
4631	2072
4632	776
4633	816 2536
4634	3271
4635	2072
4636	1907
4637	2415
4638	2515
4639	2777
4640	1168 109
4641	3218 3339 3375
4642	2641 2586
4643	2738
4644	1329 1357 3018
4645	126
4646	181 1089
4647	116
4648	634 2062
4649	2432
4650	2178
4651	1972
4652	1366
4653	2903 2900
4654	1727 2390 3096 610 3061 3097
4655	1119
4656	1716
4657	1933
4658	936
4659	3118 2949 927
4660	3272 1193 1469
4661	1084 3192
4662	1725 2734
4663	1397
4664	776
4665	1792
4666	801
4667	3151 3218
4668	0 471
4669	943
4670	1002 2236
4671	3362
4672	1526
4673	3303
4674	662
4675	3053 1015
4676	1493 1046 1361
4677	2905
4678	2827 2945
4679	1446 2185
4680	2512
4681	2358 1047
4682	190 2322
4683	2334 2329
4684	1065
4685	3155 2875
4686	1146
4687	2468 714
4688	2586 3311
4689	1272
4690	3116 3055
4691	316 2216
4692	2935 351
4693	1380 108 1203 66
4694	1655
4695	1743
4696	1778 67
4697	2853
4698	687
4699	2724
4700	891
4701	1621 1620
4702	1531 874 387 620
4703	2589 3020
4704	50
4705	2901 2902
4706	1053 1135
4707	3312 3296
4708	2741
4709	1554 1036
4710	2543 50 1909
4711	2079 1941 2085 2087
4712	1429 2499
4713	524
4714	3292 2175 2486
4715	1300 2514
4716	1802 3061 2372
4717	2142
4718	978 974 1358 1365
4719	49 395
4720	1828
4721	456
4722	2097 1741 1174 1790 1085
4723	677
4724	1319 2055
4725	1176
4726	2441 955
4727	66 67 888
4728	49
4729	2119 3260
4730	677
4731	365
4732	372
4733	1189 1814
4734	1311 2784
4735	863 111 2662
4736	3072
4737	695 596 435 1524
4738	1620 240 1114
4739	352 1960
4740	632 2104
4741	2518
4742	1466 1002
4743	439
4744	1711 1601
4745	888 1019
4746	542 238 194
4747	2662 2000
4748	1810
4749	2238 2878
4750	1793
4751	1600 824 1008 2041 1117 50 866
4752	2908 1327
4753	904 452 528 983 1099 1332 1001 1354 80 774 594 1277 2137 1428 1218 185 1450 94 1204 865 298 595 1730 1821 1372
4754	1427
4755	2780 2500 1215
4756	1540
4757	2439 309
4758	3278 2682 3218 3151
4759	1001 1237 1324
4760	1369 1361
4761	2178 776
4762	3034
4763	2836
4764	2856
4765	923
4766	2030
4767	1103
4768	1354 3219
4769	50 2606 1302 49
4770	359
4771	1135 475
4772	2492 1343
4773	175
4774	2612
4775	714 2025
4776	244
4777	36 457 271
4778	1038
4779	2405 2695
4780	934 1342 933 2749
4781	2405
4782	3108 104 1276
4783	2609 2506
4784	409
4785	136 268 137
4786	2659
4787	1568 627 736
4788	114
4789	1988 2308
4790	2977 3319
4791	1639
4792	1606 2034
4793	863 99
4794	352 1964 801
4795	288 1190
4796	3116 3056
4797	1759 1756
4798	2079 2082 2085 1940 3310 2087
4799	377
4800	3209
4801	2575
4802	902 330 183
4803	1824
4804	1361
4805	313 127
4806	792
4807	566 9 962
4808	2807
4809	3336
4810	2225
4811	1664 265 2974
4812	1901
4813	355
4814	1135
4815	2580
4816	2838
4817	1349
4818	1874 1895 303
4819	254 81
4820	2750
4821	3024
4822	1773 1343
4823	1608 127 1834
4824	559
4825	2495 2909
4826	688
4827	811
4828	1461
4829	234 911
4830	2244
4831	520 3220
4832	204
4833	424
4834	410 2990 212
4835	83
4836	148
4837	1979 801 62
4838	566 911
4839	1435
4840	1346
4841	1299
4842	3175
4843	2988
4844	860 1931
4845	1273 64 251
4846	1628
4847	1843 2810
4848	3081 2074
4849	2608
4850	1444 955
4851	1236
4852	2647
4853	2871 2968
4854	1612 49 1602 1879
4855	1727
4856	81 258
4857	1606 2612
4858	3377 1655 2689 3289
4859	1414 1046
4860	21 1905 1241 2322
4861	2594
4862	566 1055
4863	3373
4864	2895
4865	1612 50
4866	1731 643 3198
4867	148
4868	1508
4869	970
4870	953
4871	3157
4872	540
4873	1849 801
4874	1329 1441
4875	2667
4876	2950 2952 2951
4877	2040 1339 2038 1604
4878	3178
4879	1295
4880	182 977
4881	242
4882	3042
4883	2762 75 2367 2560
4884	1549 2322
4885	2990
4886	1337
4887	1721
4888	0
4889	1003
4890	810
4891	2741 2740
4892	581
4893	3200
4894	3133
4895	1205
4896	1587
4897	1743 3257
4898	3030 2901 2974 2742 3184 3150 2706 997
4899	2222
4900	1083 2488
4901	1926
4902	730 855 1672
4903	781
4904	1234 467 680
4905	62 297 1023
4906	471
4907	2328 2336 2345
4908	3023
4909	1288
4910	2473
4911	264 652
4912	1369 1912
4913	780
4914	768
4915	948 217
4916	1944 1655
4917	888 1632
4918	1691 933 2765 2595
4919	2382
4920	501 2703
4921	996 885
4922	235
4923	84 2594
4924	1084
4925	1725
4926	2353
4927	685 1203
4928	925
4929	693
4930	379
4931	938 1493
4932	1769
4933	1279 194
4934	511 867 142 827
4935	2839 2910 946
4936	1484 864
4937	1807 2254
4938	500
4939	1972 2997
4940	1812
4941	1954 1449
4942	3218 3332
4943	3289
4944	955
4945	1981 702
4946	636
4947	144
4948	3168 1273
4949	183
4950	1361 1329
4951	1939
4952	2634
4953	971 846
4954	604
4955	2882
4956	2366 610
4957	3335 2898
4958	752 615
4959	1621
4960	1652
4961	3126
4962	1731 236
4963	2416
4964	1777
4965	1734
4966	183
4967	2456 2808 269
4968	3110
4969	2265 2262
4970	1609
4971	2624 2622
4972	2348
4973	1737 1749 1981 1729 2461
4974	537
4975	1768
4976	2575 1954
4977	507
4978	2519 2204
4979	1351
4980	390 1264
4981	2558
4982	1948 1356
4983	1791
4984	769 702 404 1585
4985	139 586
4986	251
4987	3322 3176
4988	2461 2610
4989	2526 1744 3025 502
4990	2007
4991	2167
4992	3287 3300 3379 3278
4993	1321
4994	1956
4995	2509 2911
4996	1133
4997	1347 2468
4998	2738 2737
4999	2000
5000	2132 2816
5001	201 1265
5002	1704 1953
5003	2819
5004	2201 1233
5005	3382
5006	845
5007	122
5008	2745 523
5009	556 685
5010	2810 941
5011	2507 2464
5012	2664 1649 2173
5013	233 1955
5014	493
5015	2990
5016	348 615
5017	635
5018	2433 356
5019	121
5020	424 470
5021	801 2153
5022	414
5023	2924 3026 2919
5024	863 2549
5025	184
5026	1464 2543
5027	2858 1343
5028	2037 866 2039 1608
5029	1572
5030	1370
5031	1397
5032	3319
5033	33
5034	350 3262 3096 1645
5035	2322 951
5036	520 2807
5037	1824 1297
5038	2980 486
5039	1203 1143
5040	325
5041	677
5042	1683 1909 649
5043	121 50 971 568
5044	1544
5045	911
5046	175
5047	1366
5048	528
5049	885
5050	3167 1273
5051	727 423
5052	1576
5053	2353 3333
5054	3056 1301
5055	1839
5056	1624
5057	977 974
5058	294 81
5059	2374
5060	1997 235
5061	1135
5062	1609
5063	761 1542 677
5064	1669 2498
5065	2414
5066	2515
5067	880
5068	833
5069	2859
5070	321 322
5071	418
5072	2472 2475 49
5073	3161 1679
5074	3086
5075	1435 3305 501
5076	786
5077	95 1353
5078	2683 2685
5079	2322 1205 318 63
5080	1135 219
5081	2885
5082	2543
5083	1526
5084	993
5085	1387
5086	1407 2452
5087	2416
5088	2088
5089	1972 1741 1991
5090	2443 3178
5091	756 836
5092	1478 1821
5093	2209
5094	1004
5095	1857 2980
5096	1156 1158 1159 1157 1446
5097	1047 438
5098	2128 1927
5099	1756 1759
5100	870 1116
5101	2927
5102	3264 631
5103	1443 1441
5104	457 37
5105	3118
5106	1135 776
5107	2575 2968
5108	1019
5109	435 349 1242
5110	877
5111	2177
5112	1127 912
5113	667 1502
5114	148 202
5115	50 733 47 531
5116	3218 3357
5117	1245
5118	184
5119	1940 2080 2081 2087 2084 2086 2083 2082 1941
5120	589 1516 1731
5121	746 1061
5122	1350 1358
5123	1422
5124	1013 258
5125	1838
5126	1102 1546
5127	2574
5128	2946
5129	1661
5130	3359 3360
5131	1623
5132	1405
5133	2562
5134	2277
5135	1290
5136	1273 844
5137	2438
5138	3320
5139	2430
5140	1966
5141	2512 95
5142	2800 1484
5143	107 410
5144	782
5145	1358 774
5146	2294 2809
5147	983
5148	68
5149	1477 669
5150	3223
5151	1863
5152	3021 888
5153	2389 2746
5154	303
5155	1897 1904
5156	2958 2511
5157	438 2773
5158	2683 2678
5159	657
5160	700 1989
5161	608
5162	48
5163	2015 740
5164	3053
5165	1484 1775 730
5166	2667
5167	694 1944
5168	1494 1632 888
5169	1920
5170	1484 935
5171	290 140
5172	2715 126 286
5173	1473 1262
5174	2055 1350
5175	776
5176	1043
5177	2516
5178	1557
5179	272
5180	10 1400 2859 376
5181	2893
5182	706
5183	1470 294
5184	888
5185	268 136
5186	280
5187	801
5188	1586 1968 1702
5189	3020
5190	2234 1339 84
5191	2167
5192	1887
5193	2410 394 1688
5194	1374
5195	2831
5196	3251
5197	2682 3323
5198	1812
5199	3075 1282
5200	2621
5201	2467 1350
5202	1490
5203	2940
5204	2143
5205	532 1361
5206	356 1267
5207	2475 1274
5208	719
5209	318
5210	2274
5211	190
5212	2729
5213	136 2591
5214	3055
5215	751
5216	772 794 29
5217	3239
5218	2825
5219	1199 618
5220	1720 2002
5221	3227
5222	768
5223	418 928
5224	1347
5225	2935 2619 2028 2640
5226	1099
5227	2344 1526
5228	1234 925
5229	418
5230	217 3196 776
5231	98
5232	1289
5233	1163
5234	695
5235	3062
5236	1573
5237	1170 1097
5238	811 2041 667 866
5239	2243
5240	2334 789
5241	1127 888
5242	3355 3151 3289
5243	1359 1492
5244	1350 1493
5245	2420
5246	3278 1513
5247	1742 834
5248	192
5249	30 29
5250	3237 186
5251	1381
5252	1885
5253	3297
5254	270
5255	1683 2463
5256	2931
5257	2635 647 165
5258	1567
5259	412
5260	2237
5261	2847
5262	2246
5263	850 761 558
5264	1254 354
5265	146
5266	1076 984
5267	1733
5268	1479
5269	801
5270	2431 2405 3146
5271	317 1019
5272	2994 2990
5273	1238
5274	2458
5275	3303 3313
5276	2469 2717
5277	999 50
5278	2452 2488 352 495 1361
5279	978 976 1037
5280	493
5281	3243 3219
5282	1578
5283	1177
5284	619
5285	927
5286	2287
5287	93 2132 1876
5288	2892
5289	678
5290	1682
5291	653
5292	614 1816
5293	2662
5294	2896 2829
5295	1446 2185 2193 2184
5296	1731 1084
5297	2569 801
5298	2322 2607
5299	1366
5300	2732
5301	2067
5302	612 611
5303	3019 1464
5304	733 1647
5305	1387
5306	767 798 766
5307	2586
5308	2235
5309	3106
5310	1220
5311	2210
5312	476
5313	1343 519
5314	2243 2558
5315	2772
5316	818
5317	3219
5318	1742 1568 2511
5319	1964
5320	71 2344
5321	1613
5322	1672
5323	1739 3075
5324	2801 1108
5325	1449 3244 617 3245
5326	3368 3294
5327	2322 542
5328	2561 2228 1135
5329	2643
5330	295
5331	1077
5332	1337 1340
5333	1497 619
5334	236
5335	1126 3226
5336	998
5337	474
5338	1166
5339	2701
5340	3171 945
5341	2747 1887
5342	911 2458 2140 1520 23
5343	888 318
5344	130 129
5345	3038
5346	181 210
5347	49 1699 2020
5348	49 50
5349	1174 2664 2800 1501
5350	2404
5351	62
5352	1352
5353	2219
5354	1802
5355	864 2511 1955 1744
5356	437 85
5357	654
5358	896
5359	1803 1001
5360	1313 712
5361	1626 1120
5362	1567 1069
5363	776 210 693
5364	227
5365	2352 186
5366	3219 3243
5367	1350 1695
5368	1683 609
5369	2551
5370	2479 873 1126
5371	2289
5372	730
5373	254 782
5374	95 2912
5375	1903
5376	374
