269	0	1685
269	0	1686
269	0	1687
207	0	1683
207	0	1684
207	0	1698
333	0	1698
68	0	1683
68	0	1687
68	0	1690
492	0	1688
492	0	1690
492	0	1698
824	0	1690
137	0	1690
137	0	1697
277	0	1686
277	0	1687
277	0	1690
558	0	1690
633	0	1690
633	0	1699
165	0	1688
165	0	1698
166	0	1688
166	0	1698
266	0	1687
234	0	1690
234	0	1696
261	0	1690
924	0	1687
924	0	1696
443	0	1683
443	0	1687
443	0	1688
443	0	1693
443	0	1698
1201	0	1690
227	0	1690
787	0	1690
787	0	1696
351	0	1683
351	0	1684
351	0	1687
351	0	1694
351	0	1698
202	0	1683
202	0	1690
202	0	1699
257	0	1690
257	0	1698
470	0	1683
470	0	1684
470	0	1688
321	0	1687
799	0	1687
362	0	1683
254	0	1683
254	0	1690
254	0	1698
552	0	1683
552	0	1684
552	0	1687
552	0	1688
577	0	1690
248	0	1690
248	0	1698
248	0	1699
284	0	1689
214	0	1683
214	0	1696
214	0	1698
991	0	1687
991	0	1690
1169	0	1684
1169	0	1686
1169	0	1690
847	0	1690
847	0	1696
1142	0	1690
111	0	1697
111	0	1698
404	0	1683
404	0	1688
404	0	1697
442	0	1687
464	0	1687
47	0	1687
422	0	1690
422	0	1698
534	0	1690
534	0	1698
870	0	1687
870	0	1690
413	0	1690
176	0	1687
176	0	1690
656	0	1689
794	0	1687
794	0	1696
31	0	1683
31	0	1684
31	0	1696
31	0	1697
31	0	1699
407	0	1690
407	0	1696
407	0	1699
407	0	1700
630	0	1690
194	0	1683
194	0	1698
406	0	1683
406	0	1690
406	0	1698
179	0	1688
179	0	1690
179	0	1696
179	0	1698
169	0	1688
169	0	1690
370	0	1690
415	0	1690
94	0	1690
103	0	1690
58	0	1690
212	0	1683
212	0	1684
212	0	1697
460	0	1686
460	0	1687
175	0	1690
368	0	1687
368	0	1690
35	0	1687
35	0	1696
449	0	1687
200	0	1683
200	0	1696
200	0	1698
61	0	1687
61	0	1696
61	0	1699
187	0	1687
187	0	1696
79	0	1685
79	0	1686
79	0	1694
77	0	1687
77	0	1688
77	0	1691
82	0	1683
82	0	1687
82	0	1700
1359	0	1683
1359	0	1687
1359	0	1690
1241	0	1689
429	0	1688
429	0	1690
538	0	1690
538	0	1698
805	0	1684
805	0	1686
805	0	1690
36	0	1683
36	0	1698
463	0	1683
463	0	1687
463	0	1699
177	0	1687
177	0	1696
55	0	1683
55	0	1684
55	0	1697
93	0	1687
93	0	1696
660	0	1693
660	0	1697
186	0	1687
256	0	1690
249	0	1690
66	0	1687
66	0	1696
243	0	1692
243	0	1697
361	0	1687
361	0	1696
361	0	1698
185	0	1686
185	0	1687
185	0	1694
205	0	1683
205	0	1688
205	0	1696
141	0	1687
141	0	1690
698	0	1686
698	0	1687
110	0	1685
110	0	1686
110	0	1687
110	0	1694
39	0	1683
39	0	1697
39	0	1698
34	0	1684
34	0	1690
34	0	1700
295	0	1690
295	0	1698
50	0	1685
50	0	1686
50	0	1694
124	0	1688
124	0	1690
124	0	1698
813	0	1683
813	0	1684
813	0	1685
813	0	1693
813	0	1697
293	0	1685
293	0	1686
746	0	1685
746	0	1686
746	0	1694
624	0	1687
159	0	1687
522	0	1690
522	0	1698
883	0	1690
6	0	1687
152	0	1687
152	0	1697
644	0	1683
644	0	1684
644	0	1687
644	0	1699
113	0	1687
113	0	1696
923	0	1684
923	0	1686
1240	0	1690
641	0	1685
1035	0	1689
265	0	1687
9	0	1683
9	0	1684
9	0	1698
338	0	1683
338	0	1684
338	0	1698
1152	0	1689
350	0	1687
350	0	1688
24	0	1683
24	0	1697
24	0	1699
348	0	1687
317	0	1687
317	0	1693
252	0	1690
252	0	1695
140	0	1690
140	0	1696
235	0	1690
233	0	1683
233	0	1688
233	0	1690
473	0	1683
473	0	1698
557	0	1688
557	0	1690
557	0	1696
557	0	1698
842	0	1688
837	0	1690
837	0	1696
260	0	1684
260	0	1686
260	0	1690
260	0	1694
299	0	1690
299	0	1696
299	0	1699
173	0	1690
364	0	1690
364	0	1695
364	0	1697
364	0	1698
95	0	1690
668	0	1690
593	0	1686
593	0	1687
462	0	1686
462	0	1687
673	0	1684
673	0	1686
85	0	1684
85	0	1686
85	0	1691
85	0	1697
508	0	1684
508	0	1686
508	0	1694
296	0	1694
292	0	1683
292	0	1698
300	0	1683
300	0	1697
300	0	1698
838	0	1690
23	0	1683
23	0	1698
334	0	1683
334	0	1684
820	0	1690
335	0	1687
335	0	1690
271	0	1684
271	0	1686
271	0	1687
815	0	1687
815	0	1697
308	0	1687
253	0	1687
341	0	1694
341	0	1696
535	0	1688
535	0	1698
393	0	1690
393	0	1699
446	0	1687
533	0	1695
533	0	1698
365	0	1690
204	0	1683
204	0	1696
337	0	1690
643	0	1687
486	0	1683
486	0	1684
486	0	1697
486	0	1698
638	0	1690
628	0	1690
702	0	1687
242	0	1687
181	0	1685
181	0	1687
171	0	1687
171	0	1690
171	0	1696
285	0	1687
285	0	1697
41	0	1683
41	0	1684
41	0	1690
41	0	1696
41	0	1697
41	0	1699
4	0	1683
4	0	1684
4	0	1687
4	0	1696
51	0	1683
51	0	1684
178	0	1697
13	0	1683
13	0	1697
13	0	1698
13	0	1699
65	0	1683
65	0	1700
596	0	1690
411	0	1697
170	0	1690
170	0	1699
40	0	1683
40	0	1684
40	0	1696
40	0	1697
40	0	1699
182	0	1688
182	0	1690
281	0	1683
281	0	1693
281	0	1697
281	0	1698
480	0	1683
480	0	1684
480	0	1687
480	0	1693
480	0	1697
3	0	1693
3	0	1696
3	0	1698
450	0	1683
450	0	1687
450	0	1694
412	0	1683
412	0	1688
412	0	1690
246	0	1683
246	0	1690
246	0	1699
190	0	1685
190	0	1687
845	0	1690
845	0	1699
92	0	1690
92	0	1695
360	0	1690
250	0	1690
241	0	1687
241	0	1688
63	0	1683
63	0	1697
63	0	1698
91	0	1690
372	0	1690
372	0	1696
546	0	1698
251	0	1690
251	0	1699
10	0	1693
193	0	1683
193	0	1684
193	0	1687
193	0	1693
57	0	1687
57	0	1696
325	0	1700
184	0	1687
184	0	1697
691	0	1690
691	0	1699
548	0	1684
548	0	1685
548	0	1697
548	0	1698
547	0	1683
547	0	1690
547	0	1696
674	0	1687
674	0	1693
189	0	1687
189	0	1690
189	0	1694
14	0	1683
14	0	1684
311	0	1687
311	0	1699
658	0	1690
240	0	1690
240	0	1696
196	0	1690
196	0	1694
196	0	1699
56	0	1690
352	0	1687
352	0	1696
346	0	1693
346	0	1696
488	0	1698
376	0	1693
26	0	1687
26	0	1696
239	0	1690
142	0	1683
142	0	1684
142	0	1697
394	0	1690
394	0	1698
270	0	1690
330	0	1686
330	0	1687
209	0	1683
209	0	1698
374	0	1683
374	0	1684
374	0	1697
80	0	1683
80	0	1684
80	0	1697
349	0	1683
349	0	1684
349	0	1697
98	0	1683
98	0	1684
98	0	1697
199	0	1683
199	0	1684
199	0	1687
199	0	1688
454	0	1683
454	0	1687
454	0	1700
201	0	1683
46	0	1683
46	0	1693
129	0	1683
129	0	1687
129	0	1697
129	0	1699
605	0	1687
605	0	1690
132	0	1690
132	0	1696
71	0	1687
195	0	1688
195	0	1690
195	0	1697
324	0	1685
324	0	1687
471	0	1683
471	0	1696
471	0	1699
758	0	1687
737	0	1686
737	0	1687
563	0	1683
563	0	1690
563	0	1698
223	0	1683
223	0	1690
223	0	1698
223	0	1699
319	0	1690
319	0	1696
884	0	1683
884	0	1684
884	0	1686
786	0	1687
786	0	1688
314	0	1687
157	0	1683
157	0	1697
840	0	1687
219	0	1683
219	0	1684
219	0	1697
219	0	1698
809	0	1690
809	0	1696
228	0	1683
228	0	1684
228	0	1688
0	0	1687
0	0	1696
578	0	1687
578	0	1696
155	0	1683
155	0	1684
155	0	1687
155	0	1697
301	0	1690
301	0	1697
579	0	1686
579	0	1687
309	0	1683
309	0	1695
309	0	1697
309	0	1698
734	0	1686
734	0	1687
597	0	1690
740	0	1683
582	0	1697
582	0	1698
474	0	1683
474	0	1698
996	0	1683
996	0	1684
990	0	1682
995	0	1690
995	0	1696
1048	0	1687
1223	0	1690
1223	0	1697
1223	0	1698
1332	0	1683
1332	0	1684
1332	0	1697
1332	0	1699
1467	0	1690
312	0	1683
312	0	1688
312	0	1698
151	0	1687
151	0	1696
122	0	1690
122	0	1696
138	0	1690
138	0	1696
131	0	1690
912	0	1690
912	0	1696
980	0	1690
1017	0	1690
1017	0	1696
342	0	1683
342	0	1698
134	0	1690
268	0	1690
268	0	1696
18	0	1687
18	0	1696
598	0	1690
1	0	1690
1	0	1696
1	0	1699
149	0	1690
7	0	1693
7	0	1698
570	0	1690
570	0	1694
22	0	1687
414	0	1695
414	0	1698
222	0	1690
322	0	1688
322	0	1690
302	0	1687
19	0	1683
19	0	1698
1244	0	1690
915	0	1690
2	0	1683
2	0	1697
2	0	1698
725	0	1688
725	0	1690
725	0	1692
119	0	1683
119	0	1698
744	0	1687
988	0	1688
988	0	1692
988	0	1695
988	0	1698
1044	0	1690
1008	0	1684
1008	0	1686
1172	0	1690
1023	0	1690
1023	0	1696
1222	0	1688
1222	0	1693
1222	0	1695
1222	0	1698
1259	0	1686
1259	0	1690
1259	0	1691
1343	0	1688
1346	0	1690
1348	0	1690
1348	0	1696
1348	0	1698
1456	0	1687
1456	0	1688
1456	0	1690
1456	0	1695
1460	0	1683
1460	0	1690
1460	0	1696
1507	0	1683
1507	0	1686
1500	0	1690
1500	0	1698
1592	0	1687
1592	0	1690
420	0	1690
183	0	1690
183	0	1699
221	0	1687
221	0	1694
221	0	1696
761	0	1689
730	0	1687
120	0	1695
120	0	1698
121	0	1683
121	0	1698
304	0	1695
305	0	1690
305	0	1698
723	0	1683
723	0	1690
723	0	1699
568	0	1688
568	0	1690
568	0	1695
303	0	1683
303	0	1695
303	0	1696
303	0	1698
569	0	1688
569	0	1690
569	0	1698
741	0	1690
1061	0	1684
1061	0	1698
999	0	1688
999	0	1690
999	0	1698
992	0	1695
992	0	1698
1128	0	1683
1128	0	1688
1128	0	1695
1007	0	1687
1228	0	1688
1228	0	1698
1257	0	1687
1257	0	1690
1257	0	1698
1336	0	1687
1387	0	1683
1387	0	1690
1338	0	1690
1335	0	1687
1420	0	1687
1420	0	1695
1417	0	1683
1417	0	1693
1417	0	1697
1497	0	1690
1492	0	1687
1492	0	1690
1469	0	1688
1469	0	1690
1498	0	1687
1498	0	1690
1486	0	1688
1486	0	1690
1486	0	1698
1479	0	1683
1479	0	1698
1476	0	1683
1476	0	1695
1476	0	1698
1475	0	1693
1478	0	1687
1478	0	1694
1561	0	1683
1561	0	1693
1561	0	1697
1589	0	1687
1589	0	1696
1585	0	1684
1585	0	1697
1585	0	1698
408	0	1690
408	0	1695
408	0	1698
15	0	1690
306	0	1683
306	0	1684
306	0	1697
306	0	1698
1175	0	1698
1265	0	1689
1386	0	1688
1386	0	1698
1588	0	1683
1588	0	1687
1588	0	1694
571	0	1683
448	0	1687
74	0	1690
659	0	1690
294	0	1687
1020	0	1687
458	0	1687
747	0	1690
747	0	1698
860	0	1690
860	0	1696
938	0	1687
217	0	1683
217	0	1684
217	0	1697
872	0	1683
872	0	1686
421	0	1690
795	0	1687
919	0	1686
919	0	1687
89	0	1690
497	0	1693
375	0	1683
375	0	1684
375	0	1697
359	0	1687
359	0	1696
168	0	1687
168	0	1690
595	0	1686
595	0	1687
461	0	1687
32	0	1683
32	0	1684
32	0	1687
32	0	1696
383	0	1687
298	0	1690
455	0	1683
455	0	1687
524	0	1684
524	0	1686
1021	0	1687
216	0	1683
216	0	1687
52	0	1690
84	0	1687
721	0	1687
721	0	1695
721	0	1696
798	0	1687
457	0	1687
457	0	1688
457	0	1693
481	0	1683
594	0	1683
594	0	1684
594	0	1686
594	0	1697
485	0	1683
485	0	1684
485	0	1687
804	0	1686
804	0	1687
453	0	1687
43	0	1687
43	0	1696
43	0	1698
585	0	1683
585	0	1684
585	0	1688
585	0	1690
96	0	1685
96	0	1686
11	0	1683
11	0	1684
11	0	1695
329	0	1693
329	0	1698
469	0	1687
267	0	1685
267	0	1687
267	0	1698
467	0	1687
467	0	1690
320	0	1687
328	0	1687
328	0	1691
328	0	1696
328	0	1697
135	0	1687
604	0	1693
279	0	1687
518	0	1686
518	0	1687
518	0	1700
802	0	1686
802	0	1690
30	0	1686
30	0	1690
112	0	1685
112	0	1686
112	0	1694
75	0	1686
75	0	1687
75	0	1694
509	0	1685
509	0	1686
509	0	1694
45	0	1690
45	0	1696
1022	0	1685
1022	0	1686
1022	0	1687
48	0	1686
48	0	1690
48	0	1691
48	0	1697
712	0	1693
409	0	1687
520	0	1683
520	0	1685
520	0	1686
520	0	1697
520	0	1698
520	0	1699
387	0	1690
198	0	1687
403	0	1690
403	0	1697
678	0	1687
678	0	1699
109	0	1683
109	0	1684
59	0	1685
59	0	1686
59	0	1694
274	0	1687
699	0	1697
526	0	1683
526	0	1687
526	0	1700
495	0	1693
775	0	1693
774	0	1693
773	0	1693
772	0	1693
713	0	1693
1330	0	1693
493	0	1693
778	0	1693
778	0	1697
760	0	1693
1051	0	1693
489	0	1693
490	0	1693
259	0	1683
259	0	1684
259	0	1697
483	0	1683
483	0	1684
483	0	1697
355	0	1687
355	0	1694
355	0	1696
710	0	1683
710	0	1693
711	0	1683
711	0	1693
1052	0	1690
126	0	1683
354	0	1683
354	0	1687
743	0	1684
743	0	1686
743	0	1690
125	0	1690
494	0	1690
608	0	1690
180	0	1690
62	0	1690
62	0	1696
286	0	1684
948	0	1690
688	0	1684
688	0	1686
688	0	1696
612	0	1698
632	0	1690
848	0	1690
366	0	1690
399	0	1700
316	0	1690
316	0	1699
143	0	1683
143	0	1684
143	0	1691
21	0	1685
21	0	1686
21	0	1694
172	0	1697
172	0	1699
154	0	1690
472	0	1687
861	0	1686
861	0	1687
669	0	1687
669	0	1696
282	0	1695
282	0	1698
880	0	1687
880	0	1698
1037	0	1687
1037	0	1690
943	0	1687
943	0	1688
323	0	1690
323	0	1696
323	0	1699
529	0	1692
529	0	1695
843	0	1694
843	0	1696
106	0	1687
106	0	1696
814	0	1687
814	0	1696
871	0	1692
700	0	1692
700	0	1696
700	0	1698
676	0	1687
676	0	1696
676	0	1698
893	0	1683
893	0	1684
238	0	1690
1016	0	1695
1084	0	1687
105	0	1684
105	0	1687
167	0	1690
677	0	1687
42	0	1683
42	0	1684
42	0	1696
42	0	1699
979	0	1690
1014	0	1684
1014	0	1686
517	0	1685
517	0	1686
517	0	1694
950	0	1687
950	0	1699
684	0	1690
280	0	1688
280	0	1690
1205	0	1695
1205	0	1698
104	0	1690
930	0	1690
310	0	1690
525	0	1690
28	0	1683
28	0	1690
28	0	1700
244	0	1684
244	0	1699
287	0	1687
287	0	1690
287	0	1696
635	0	1695
635	0	1698
672	0	1687
672	0	1696
230	0	1683
230	0	1690
230	0	1699
358	0	1687
686	0	1687
686	0	1690
686	0	1696
273	0	1690
835	0	1684
318	0	1684
318	0	1699
646	0	1690
646	0	1699
275	0	1687
275	0	1690
369	0	1687
369	0	1690
1015	0	1687
696	0	1692
696	0	1695
345	0	1683
345	0	1684
345	0	1690
290	0	1690
339	0	1690
339	0	1699
648	0	1690
388	0	1684
396	0	1690
396	0	1696
937	0	1696
1243	0	1695
785	0	1690
789	0	1687
789	0	1696
1129	0	1690
1414	0	1690
1364	0	1685
1364	0	1686
1364	0	1694
1465	0	1686
1465	0	1687
203	0	1683
477	0	1683
477	0	1684
680	0	1685
680	0	1686
680	0	1694
680	0	1696
1156	0	1690
1156	0	1694
20	0	1688
20	0	1690
20	0	1696
447	0	1687
447	0	1696
160	0	1683
160	0	1698
313	0	1688
1100	0	1686
1100	0	1691
377	0	1690
377	0	1696
377	0	1699
215	0	1683
215	0	1698
500	0	1693
540	0	1697
38	0	1690
38	0	1696
397	0	1683
397	0	1684
661	0	1690
1162	0	1700
1354	0	1690
1354	0	1694
371	0	1690
371	0	1691
371	0	1698
487	0	1690
487	0	1693
78	0	1684
78	0	1686
78	0	1687
78	0	1691
78	0	1696
78	0	1697
496	0	1690
496	0	1693
620	0	1683
620	0	1684
620	0	1700
653	0	1693
438	0	1687
438	0	1693
654	0	1693
654	0	1698
208	0	1683
208	0	1684
208	0	1698
503	0	1693
100	0	1683
100	0	1696
100	0	1698
416	0	1690
416	0	1693
1148	0	1700
456	0	1687
456	0	1698
543	0	1683
543	0	1698
618	0	1693
618	0	1697
618	0	1698
857	0	1695
857	0	1696
857	0	1698
468	0	1687
468	0	1700
479	0	1683
479	0	1684
479	0	1688
707	0	1687
707	0	1697
211	0	1683
211	0	1697
1073	0	1687
188	0	1687
188	0	1696
614	0	1690
614	0	1698
363	0	1690
363	0	1696
426	0	1688
426	0	1698
86	0	1686
86	0	1690
73	0	1687
811	0	1683
1042	0	1690
1042	0	1695
506	0	1685
506	0	1686
506	0	1694
830	0	1700
781	0	1683
781	0	1693
781	0	1697
315	0	1690
315	0	1698
441	0	1695
441	0	1698
1187	0	1699
1433	0	1690
1433	0	1696
231	0	1698
757	0	1685
757	0	1686
757	0	1694
147	0	1683
147	0	1698
1163	0	1687
1163	0	1690
1633	0	1683
1632	0	1686
1145	0	1684
1145	0	1699
1030	0	1694
1030	0	1696
276	0	1695
276	0	1698
675	0	1687
1058	0	1694
973	0	1690
693	0	1696
693	0	1698
682	0	1695
682	0	1696
682	0	1698
1001	0	1687
1063	0	1694
685	0	1688
685	0	1692
685	0	1695
929	0	1690
1242	0	1687
864	0	1690
894	0	1698
720	0	1693
720	0	1697
1060	0	1690
1196	0	1690
562	0	1690
562	0	1698
906	0	1690
1158	0	1700
81	0	1684
81	0	1686
33	0	1686
33	0	1687
511	0	1685
511	0	1686
511	0	1694
790	0	1685
790	0	1686
1537	0	1686
1537	0	1690
507	0	1690
136	0	1688
136	0	1690
297	0	1687
297	0	1694
955	0	1687
955	0	1694
555	0	1683
555	0	1690
555	0	1696
555	0	1699
839	0	1690
889	0	1690
545	0	1689
767	0	1693
475	0	1683
475	0	1684
475	0	1697
475	0	1698
763	0	1687
763	0	1693
953	0	1690
1095	0	1690
716	0	1690
671	0	1690
671	0	1699
288	0	1688
288	0	1690
288	0	1692
1519	0	1690
1519	0	1696
941	0	1689
834	0	1689
694	0	1700
401	0	1690
401	0	1699
914	0	1687
914	0	1696
873	0	1688
873	0	1690
873	0	1698
836	0	1690
629	0	1683
629	0	1690
629	0	1699
291	0	1687
291	0	1690
537	0	1688
537	0	1692
537	0	1698
631	0	1692
631	0	1695
631	0	1698
97	0	1684
97	0	1687
97	0	1690
771	0	1688
771	0	1692
771	0	1698
679	0	1692
679	0	1698
258	0	1690
897	0	1687
897	0	1695
897	0	1698
72	0	1690
683	0	1700
83	0	1690
83	0	1696
192	0	1687
637	0	1690
476	0	1683
476	0	1693
476	0	1697
476	0	1698
1357	0	1693
875	0	1693
768	0	1683
768	0	1693
499	0	1693
652	0	1693
652	0	1697
652	0	1698
759	0	1693
491	0	1693
769	0	1692
769	0	1698
779	0	1693
780	0	1693
714	0	1690
1634	0	1689
307	0	1690
307	0	1698
380	0	1683
380	0	1684
729	0	1683
729	0	1684
1082	0	1693
1003	0	1693
1003	0	1695
1003	0	1698
1255	0	1687
206	0	1683
206	0	1698
326	0	1683
326	0	1698
478	0	1683
478	0	1690
16	0	1687
16	0	1699
728	0	1687
1337	0	1683
1337	0	1698
1093	0	1690
1093	0	1699
1569	0	1692
1569	0	1697
1569	0	1698
49	0	1687
49	0	1690
49	0	1696
191	0	1690
634	0	1696
887	0	1687
887	0	1690
17	0	1690
17	0	1698
255	0	1690
1209	0	1690
791	0	1690
647	0	1687
1208	0	1689
947	0	1687
947	0	1696
1116	0	1690
1043	0	1690
1043	0	1696
278	0	1694
278	0	1696
651	0	1693
527	0	1690
766	0	1690
451	0	1687
451	0	1696
289	0	1687
1207	0	1690
681	0	1687
681	0	1690
263	0	1690
1154	0	1690
1154	0	1696
418	0	1687
418	0	1690
90	0	1690
90	0	1696
25	0	1690
25	0	1698
128	0	1687
945	0	1687
945	0	1699
210	0	1683
210	0	1684
210	0	1690
210	0	1696
433	0	1687
801	0	1687
975	0	1687
975	0	1690
590	0	1690
590	0	1696
961	0	1687
1104	0	1686
1104	0	1690
715	0	1690
715	0	1696
465	0	1687
465	0	1697
101	0	1690
642	0	1690
642	0	1696
29	0	1687
29	0	1690
29	0	1696
87	0	1687
87	0	1696
1102	0	1690
1102	0	1696
436	0	1687
419	0	1690
881	0	1690
881	0	1696
650	0	1687
650	0	1690
793	0	1687
793	0	1696
44	0	1687
44	0	1696
910	0	1690
910	0	1696
127	0	1690
127	0	1698
116	0	1690
116	0	1698
484	0	1683
484	0	1698
262	0	1690
262	0	1699
868	0	1687
60	0	1687
108	0	1687
108	0	1696
381	0	1683
381	0	1696
381	0	1698
1173	0	1687
1173	0	1696
1457	0	1690
1452	0	1683
1452	0	1696
1452	0	1698
1572	0	1683
1572	0	1698
572	0	1690
1342	0	1688
1342	0	1698
504	0	1683
504	0	1684
504	0	1686
504	0	1691
504	0	1697
599	0	1687
1447	0	1689
748	0	1697
748	0	1698
556	0	1683
603	0	1697
213	0	1683
213	0	1698
148	0	1690
353	0	1687
844	0	1687
844	0	1696
705	0	1687
705	0	1696
1190	0	1689
749	0	1693
521	0	1684
521	0	1686
782	0	1683
782	0	1684
782	0	1695
782	0	1697
174	0	1688
174	0	1692
174	0	1695
174	0	1698
417	0	1683
417	0	1697
417	0	1698
5	0	1690
502	0	1698
655	0	1693
1046	0	1687
1046	0	1690
1046	0	1696
64	0	1690
1445	0	1693
1083	0	1687
1083	0	1690
1083	0	1696
573	0	1683
379	0	1687
584	0	1687
584	0	1696
1374	0	1690
459	0	1687
459	0	1696
1444	0	1690
1444	0	1693
69	0	1687
69	0	1696
434	0	1687
434	0	1696
1092	0	1687
1092	0	1690
1443	0	1693
1443	0	1698
432	0	1687
432	0	1690
164	0	1687
1210	0	1686
697	0	1687
1047	0	1687
523	0	1690
523	0	1696
389	0	1686
389	0	1687
445	0	1687
445	0	1696
1076	0	1683
1076	0	1697
665	0	1683
1103	0	1690
498	0	1693
498	0	1698
853	0	1687
218	0	1683
218	0	1684
218	0	1688
218	0	1698
427	0	1683
427	0	1690
427	0	1699
1075	0	1687
1019	0	1687
1019	0	1695
367	0	1683
367	0	1688
367	0	1690
531	0	1690
1213	0	1683
1213	0	1690
735	0	1683
735	0	1690
735	0	1695
808	0	1683
1180	0	1689
53	0	1684
53	0	1686
130	0	1689
1566	0	1689
118	0	1690
118	0	1696
501	0	1693
764	0	1690
968	0	1687
588	0	1687
519	0	1684
519	0	1685
519	0	1686
519	0	1687
519	0	1691
911	0	1687
911	0	1696
1251	0	1690
146	0	1688
146	0	1692
146	0	1698
117	0	1687
220	0	1683
220	0	1697
220	0	1698
153	0	1684
158	0	1683
158	0	1684
158	0	1698
1009	0	1684
1009	0	1686
144	0	1683
144	0	1684
1446	0	1683
1446	0	1695
1446	0	1698
162	0	1683
162	0	1684
162	0	1697
162	0	1698
927	0	1686
927	0	1690
927	0	1691
607	0	1683
550	0	1693
550	0	1698
1216	0	1687
1216	0	1694
1216	0	1696
695	0	1687
695	0	1696
1050	0	1690
1398	0	1683
770	0	1693
770	0	1698
332	0	1683
332	0	1690
332	0	1700
987	0	1683
987	0	1698
719	0	1686
719	0	1687
719	0	1690
512	0	1686
512	0	1687
559	0	1688
114	0	1687
972	0	1690
972	0	1696
885	0	1689
885	0	1690
1352	0	1692
1352	0	1698
592	0	1683
592	0	1696
1437	0	1689
1383	0	1690
1442	0	1690
1442	0	1698
762	0	1687
762	0	1693
439	0	1687
439	0	1693
692	0	1683
692	0	1690
692	0	1695
692	0	1696
692	0	1698
356	0	1687
356	0	1690
1430	0	1689
776	0	1693
777	0	1687
777	0	1693
589	0	1693
589	0	1698
874	0	1693
957	0	1684
957	0	1686
957	0	1687
1333	0	1690
783	0	1687
1339	0	1690
123	0	1687
123	0	1696
1227	0	1690
1181	0	1690
913	0	1687
913	0	1696
1186	0	1696
623	0	1687
724	0	1696
727	0	1687
727	0	1696
733	0	1690
732	0	1690
732	0	1696
567	0	1683
567	0	1687
731	0	1684
731	0	1696
667	0	1686
667	0	1687
667	0	1695
994	0	1683
994	0	1698
994	0	1699
1149	0	1690
997	0	1683
997	0	1687
1266	0	1690
1260	0	1690
1262	0	1689
1268	0	1693
1249	0	1696
1249	0	1698
1263	0	1690
1366	0	1690
1361	0	1696
1334	0	1683
1334	0	1684
1595	0	1690
1595	0	1699
1455	0	1686
1455	0	1687
1455	0	1691
1461	0	1687
1466	0	1686
1466	0	1687
1454	0	1693
1454	0	1698
1464	0	1690
1571	0	1683
1571	0	1684
1571	0	1697
1487	0	1690
1567	0	1690
1513	0	1690
1493	0	1687
1617	0	1687
1617	0	1688
1617	0	1695
1617	0	1698
1471	0	1690
1471	0	1696
1511	0	1687
1511	0	1690
1562	0	1690
1562	0	1696
1470	0	1690
1470	0	1696
1508	0	1687
1482	0	1687
1480	0	1690
1620	0	1690
1655	0	1688
1655	0	1690
1654	0	1683
1654	0	1698
1653	0	1687
1651	0	1688
1651	0	1690
1651	0	1695
1651	0	1698
1650	0	1690
1659	0	1683
1659	0	1697
1659	0	1698
1660	0	1683
1660	0	1690
1660	0	1698
1669	0	1696
264	0	1684
264	0	1697
1150	0	1690
981	0	1690
981	0	1696
863	0	1700
833	0	1690
150	0	1684
150	0	1690
754	0	1697
754	0	1698
862	0	1687
1322	0	1690
8	0	1690
8	0	1693
437	0	1686
437	0	1687
161	0	1683
161	0	1684
161	0	1698
625	0	1697
625	0	1698
896	0	1686
896	0	1687
601	0	1690
701	0	1690
1362	0	1690
1362	0	1699
984	0	1687
984	0	1690
984	0	1696
1000	0	1690
1174	0	1687
1174	0	1696
398	0	1690
398	0	1698
706	0	1687
102	0	1687
102	0	1690
1004	0	1690
611	0	1698
765	0	1687
765	0	1690
765	0	1699
687	0	1687
687	0	1695
687	0	1696
687	0	1698
107	0	1685
107	0	1686
1036	0	1684
1036	0	1696
742	0	1687
742	0	1696
88	0	1690
88	0	1696
967	0	1690
510	0	1684
510	0	1686
510	0	1691
818	0	1687
1031	0	1687
1031	0	1690
1218	0	1689
806	0	1690
806	0	1696
1161	0	1690
1404	0	1687
1010	0	1690
435	0	1687
823	0	1690
272	0	1690
1353	0	1690
918	0	1690
918	0	1698
1139	0	1687
1139	0	1690
974	0	1687
974	0	1694
1147	0	1696
718	0	1690
1252	0	1694
37	0	1685
37	0	1686
1203	0	1687
962	0	1687
962	0	1699
690	0	1690
1403	0	1689
336	0	1690
336	0	1698
606	0	1698
586	0	1683
586	0	1697
586	0	1698
225	0	1683
755	0	1695
755	0	1698
753	0	1690
753	0	1698
751	0	1690
752	0	1690
145	0	1683
145	0	1684
145	0	1698
591	0	1698
565	0	1698
564	0	1690
232	0	1698
756	0	1698
224	0	1687
224	0	1696
736	0	1685
736	0	1686
736	0	1694
738	0	1690
738	0	1696
739	0	1688
750	0	1687
750	0	1698
343	0	1684
343	0	1685
343	0	1686
343	0	1687
343	0	1694
745	0	1690
726	0	1687
796	0	1686
796	0	1687
1011	0	1687
851	0	1687
1192	0	1687
963	0	1687
963	0	1700
905	0	1687
1070	0	1687
1032	0	1686
1032	0	1687
1032	0	1695
378	0	1690
378	0	1700
373	0	1690
283	0	1690
283	0	1697
788	0	1687
916	0	1690
385	0	1690
327	0	1690
626	0	1688
560	0	1687
560	0	1690
347	0	1683
347	0	1684
347	0	1698
115	0	1687
1219	0	1686
1219	0	1690
139	0	1683
139	0	1684
139	0	1698
600	0	1690
722	0	1690
831	0	1683
831	0	1698
670	0	1695
670	0	1698
1236	0	1690
1267	0	1689
932	0	1687
1365	0	1696
998	0	1683
998	0	1690
998	0	1698
1171	0	1687
1171	0	1690
1416	0	1683
340	0	1687
340	0	1696
807	0	1687
1038	0	1687
516	0	1684
516	0	1686
1029	0	1686
1029	0	1687
899	0	1684
899	0	1686
163	0	1683
163	0	1684
515	0	1687
797	0	1687
797	0	1691
704	0	1687
704	0	1694
704	0	1696
1264	0	1698
717	0	1690
27	0	1687
27	0	1696
846	0	1687
846	0	1696
542	0	1695
542	0	1698
792	0	1687
1125	0	1687
1125	0	1690
1098	0	1690
392	0	1698
384	0	1687
921	0	1687
921	0	1696
1026	0	1687
1055	0	1690
1055	0	1696
917	0	1687
986	0	1687
986	0	1693
99	0	1690
1074	0	1687
67	0	1690
551	0	1693
901	0	1687
1099	0	1684
1099	0	1690
610	0	1687
513	0	1684
513	0	1686
1327	0	1687
1327	0	1690
1483	0	1690
940	0	1686
940	0	1690
1344	0	1688
1344	0	1692
951	0	1689
951	0	1699
1113	0	1685
1113	0	1686
561	0	1687
1197	0	1690
1350	0	1688
1350	0	1690
1350	0	1698
627	0	1687
869	0	1687
1393	0	1687
1393	0	1696
197	0	1698
12	0	1687
12	0	1690
1189	0	1690
1114	0	1683
1114	0	1684
1114	0	1685
1114	0	1686
1114	0	1691
619	0	1698
855	0	1685
855	0	1686
357	0	1687
357	0	1694
1448	0	1687
1321	0	1688
1135	0	1690
616	0	1688
616	0	1698
466	0	1689
1080	0	1690
1080	0	1696
133	0	1690
903	0	1683
1097	0	1683
931	0	1683
931	0	1696
931	0	1698
541	0	1698
514	0	1684
514	0	1685
514	0	1686
514	0	1694
1253	0	1687
935	0	1687
821	0	1687
985	0	1687
1494	0	1696
1323	0	1690
850	0	1687
640	0	1690
1182	0	1687
1182	0	1690
1182	0	1696
247	0	1690
247	0	1695
1024	0	1687
1024	0	1696
816	0	1687
816	0	1690
1426	0	1687
1426	0	1688
1426	0	1690
1490	0	1683
1490	0	1684
1490	0	1698
1652	0	1688
1652	0	1690
1132	0	1690
1515	0	1690
613	0	1690
613	0	1698
709	0	1683
709	0	1687
709	0	1694
709	0	1697
1434	0	1690
1131	0	1690
1157	0	1690
1091	0	1687
1002	0	1687
1002	0	1690
1002	0	1696
1126	0	1684
1130	0	1690
440	0	1687
583	0	1690
583	0	1696
1165	0	1687
949	0	1690
949	0	1694
1488	0	1688
1488	0	1690
1489	0	1690
1144	0	1696
1144	0	1699
1217	0	1698
1053	0	1684
1053	0	1690
1363	0	1690
969	0	1689
331	0	1690
331	0	1695
331	0	1696
1341	0	1689
549	0	1698
904	0	1690
904	0	1696
879	0	1684
879	0	1686
879	0	1691
886	0	1690
431	0	1690
431	0	1694
882	0	1690
922	0	1690
922	0	1696
1078	0	1683
1078	0	1687
1078	0	1688
1078	0	1690
666	0	1683
666	0	1688
666	0	1698
444	0	1687
395	0	1689
784	0	1689
1229	0	1688
1229	0	1698
1436	0	1690
810	0	1690
1505	0	1690
1159	0	1690
1155	0	1690
576	0	1690
1206	0	1690
1077	0	1688
920	0	1696
920	0	1699
236	0	1690
236	0	1694
832	0	1697
1453	0	1687
1453	0	1696
1382	0	1688
1382	0	1690
539	0	1693
825	0	1690
1045	0	1695
1045	0	1697
819	0	1690
819	0	1696
1194	0	1683
1194	0	1690
964	0	1687
966	0	1690
1025	0	1686
1215	0	1687
1215	0	1690
977	0	1687
978	0	1687
939	0	1690
1360	0	1690
976	0	1687
976	0	1690
1324	0	1690
1013	0	1687
1274	0	1690
1274	0	1696
1153	0	1690
1153	0	1698
1369	0	1696
1347	0	1690
1347	0	1699
1146	0	1687
800	0	1687
1395	0	1687
1220	0	1683
1220	0	1687
867	0	1683
867	0	1687
965	0	1687
703	0	1683
703	0	1687
1377	0	1689
890	0	1687
890	0	1699
1394	0	1687
1394	0	1690
827	0	1688
405	0	1683
405	0	1687
405	0	1700
1396	0	1690
1381	0	1687
1381	0	1696
1628	0	1688
1628	0	1690
1340	0	1690
1431	0	1690
400	0	1688
400	0	1690
952	0	1690
1613	0	1690
505	0	1687
505	0	1690
1320	0	1688
1320	0	1698
386	0	1687
386	0	1693
1397	0	1686
1397	0	1690
1637	0	1689
156	0	1687
1062	0	1687
1062	0	1694
1062	0	1696
1018	0	1687
1018	0	1690
1018	0	1699
1059	0	1690
663	0	1687
391	0	1698
891	0	1688
891	0	1690
891	0	1698
849	0	1687
858	0	1697
858	0	1698
1112	0	1690
1112	0	1696
908	0	1690
908	0	1695
908	0	1696
424	0	1688
424	0	1690
424	0	1698
876	0	1690
587	0	1683
587	0	1697
1133	0	1696
615	0	1698
452	0	1687
689	0	1685
689	0	1686
689	0	1687
689	0	1696
54	0	1690
382	0	1690
895	0	1683
1151	0	1690
1027	0	1690
1012	0	1687
1137	0	1688
1137	0	1690
1234	0	1690
390	0	1683
657	0	1690
657	0	1698
1123	0	1687
866	0	1683
866	0	1690
428	0	1689
1370	0	1690
1496	0	1687
1635	0	1688
1636	0	1690
1604	0	1687
1604	0	1690
1472	0	1690
621	0	1683
621	0	1684
621	0	1696
528	0	1685
528	0	1697
1425	0	1687
1425	0	1690
1314	0	1687
1616	0	1693
229	0	1683
344	0	1688
708	0	1687
1039	0	1700
856	0	1698
1072	0	1687
892	0	1683
982	0	1687
1094	0	1690
536	0	1698
1065	0	1687
1122	0	1690
1136	0	1690
1134	0	1690
822	0	1687
822	0	1696
226	0	1687
226	0	1696
245	0	1690
237	0	1690
1127	0	1696
841	0	1690
1373	0	1690
1178	0	1690
946	0	1690
410	0	1690
1096	0	1690
1056	0	1687
1056	0	1696
1088	0	1687
1041	0	1687
1118	0	1687
1118	0	1690
544	0	1690
544	0	1698
581	0	1697
581	0	1698
1120	0	1698
1064	0	1690
602	0	1683
602	0	1688
928	0	1690
928	0	1694
900	0	1684
900	0	1686
1224	0	1688
1329	0	1690
933	0	1690
898	0	1687
925	0	1690
925	0	1695
1115	0	1690
1107	0	1687
1107	0	1694
1107	0	1696
1066	0	1687
1143	0	1687
907	0	1696
909	0	1690
909	0	1696
934	0	1687
902	0	1686
902	0	1691
1484	0	1684
1484	0	1686
1484	0	1691
1484	0	1697
1614	0	1689
1170	0	1687
1170	0	1690
989	0	1687
989	0	1690
1090	0	1690
1090	0	1696
1195	0	1687
1195	0	1694
1221	0	1690
1221	0	1696
970	0	1690
970	0	1696
1250	0	1687
566	0	1687
622	0	1683
1672	0	1683
1672	0	1688
852	0	1687
1528	0	1690
1526	0	1689
1520	0	1687
1520	0	1690
1673	0	1690
1674	0	1690
1005	0	1687
1005	0	1690
1312	0	1687
1312	0	1690
1594	0	1692
1594	0	1695
1594	0	1698
554	0	1683
554	0	1684
554	0	1698
926	0	1690
926	0	1696
1491	0	1690
1279	0	1690
1313	0	1689
1283	0	1690
1309	0	1690
1296	0	1687
1198	0	1687
1282	0	1690
1101	0	1690
1101	0	1698
1325	0	1690
1254	0	1690
1193	0	1690
1304	0	1690
1305	0	1690
1273	0	1690
1226	0	1689
1307	0	1690
1225	0	1687
1225	0	1690
1298	0	1690
829	0	1690
936	0	1686
936	0	1687
936	0	1691
402	0	1687
1302	0	1690
1277	0	1687
1277	0	1690
1303	0	1696
1290	0	1690
1285	0	1690
1291	0	1690
1301	0	1690
1288	0	1690
1275	0	1690
1184	0	1690
1293	0	1690
1308	0	1687
1202	0	1690
1286	0	1687
1306	0	1690
828	0	1696
1317	0	1690
1326	0	1690
1328	0	1687
1300	0	1696
1300	0	1699
1284	0	1683
1295	0	1690
1281	0	1687
1237	0	1687
1294	0	1683
1310	0	1689
1316	0	1683
859	0	1683
859	0	1690
1297	0	1689
1297	0	1690
1276	0	1685
817	0	1690
1292	0	1690
1319	0	1690
1319	0	1698
1299	0	1687
1299	0	1693
1311	0	1683
1272	0	1682
1315	0	1687
1183	0	1690
609	0	1687
1318	0	1687
1318	0	1696
1200	0	1689
1199	0	1696
1278	0	1690
1079	0	1690
1289	0	1690
993	0	1684
993	0	1686
1270	0	1690
1269	0	1687
1269	0	1696
826	0	1697
1280	0	1696
1245	0	1690
1166	0	1690
1271	0	1688
1287	0	1690
1176	0	1690
1177	0	1683
1177	0	1698
1261	0	1696
1258	0	1690
1384	0	1690
1565	0	1690
1504	0	1690
1510	0	1698
1256	0	1690
1256	0	1696
1108	0	1690
1450	0	1690
1085	0	1687
1085	0	1690
1412	0	1687
1389	0	1690
1459	0	1690
1459	0	1696
530	0	1683
1380	0	1687
1379	0	1685
1379	0	1686
1121	0	1690
1033	0	1684
1033	0	1697
1378	0	1685
1378	0	1686
812	0	1683
574	0	1683
575	0	1683
575	0	1686
482	0	1683
482	0	1697
1185	0	1690
1441	0	1690
1232	0	1683
1232	0	1697
1563	0	1687
1106	0	1690
1138	0	1692
1138	0	1698
1406	0	1690
1406	0	1699
1438	0	1687
1438	0	1690
1438	0	1696
1089	0	1687
1089	0	1690
430	0	1687
430	0	1690
865	0	1690
425	0	1687
1367	0	1690
1367	0	1696
1587	0	1690
1570	0	1698
1499	0	1690
1596	0	1683
1596	0	1690
1477	0	1696
1034	0	1687
1233	0	1690
1233	0	1696
888	0	1687
1409	0	1690
1230	0	1688
1230	0	1690
1231	0	1690
639	0	1690
639	0	1696
1179	0	1690
1372	0	1690
956	0	1686
956	0	1687
956	0	1695
1521	0	1690
1086	0	1687
1667	0	1690
1584	0	1690
1418	0	1690
1049	0	1684
1049	0	1696
1345	0	1698
1664	0	1687
1664	0	1695
1665	0	1688
1665	0	1690
1509	0	1700
1057	0	1700
1355	0	1687
1355	0	1690
1662	0	1687
1662	0	1690
1668	0	1687
1668	0	1694
1668	0	1696
1109	0	1694
1666	0	1687
1666	0	1690
1661	0	1687
1356	0	1688
1356	0	1690
1356	0	1696
1514	0	1687
1516	0	1690
1400	0	1687
1400	0	1690
1399	0	1690
1105	0	1690
1408	0	1690
70	0	1684
70	0	1686
1538	0	1685
1538	0	1686
617	0	1698
1413	0	1687
1413	0	1697
1111	0	1686
1111	0	1690
1188	0	1687
1188	0	1696
1411	0	1687
1411	0	1690
1141	0	1692
1069	0	1693
1069	0	1698
664	0	1683
664	0	1688
664	0	1690
1440	0	1687
803	0	1684
803	0	1686
803	0	1687
958	0	1690
423	0	1689
1656	0	1683
1656	0	1690
1656	0	1696
944	0	1683
944	0	1687
1238	0	1690
1238	0	1696
1238	0	1699
960	0	1690
959	0	1687
959	0	1696
1040	0	1690
854	0	1687
954	0	1687
1503	0	1683
1503	0	1690
1503	0	1698
1597	0	1687
1598	0	1696
1615	0	1687
1351	0	1690
532	0	1687
532	0	1688
1608	0	1689
1630	0	1687
1419	0	1687
942	0	1687
1435	0	1699
553	0	1687
553	0	1696
76	0	1684
76	0	1686
1191	0	1687
662	0	1688
662	0	1690
1235	0	1690
1204	0	1687
1375	0	1690
1375	0	1698
1087	0	1687
1368	0	1688
1376	0	1687
1422	0	1690
1502	0	1687
1140	0	1690
1590	0	1684
1590	0	1696
1581	0	1690
1071	0	1690
1211	0	1690
1214	0	1688
1214	0	1690
1212	0	1693
1462	0	1687
1462	0	1696
1006	0	1698
1410	0	1683
1410	0	1684
649	0	1690
1680	0	1687
1680	0	1696
1627	0	1690
1627	0	1696
1627	0	1698
1593	0	1687
971	0	1690
1558	0	1699
1160	0	1690
1401	0	1684
1401	0	1686
1582	0	1690
1671	0	1690
983	0	1687
983	0	1688
1358	0	1690
1349	0	1690
1421	0	1687
1568	0	1690
1117	0	1690
1067	0	1684
1067	0	1686
1423	0	1690
1439	0	1690
1451	0	1690
1028	0	1687
1331	0	1690
1331	0	1696
1542	0	1690
1428	0	1689
1533	0	1683
1533	0	1698
1536	0	1698
1385	0	1687
1429	0	1690
1458	0	1683
1407	0	1695
1407	0	1698
1522	0	1690
636	0	1684
636	0	1686
1557	0	1683
1557	0	1690
1557	0	1698
1531	0	1687
1531	0	1690
1119	0	1690
1529	0	1683
1529	0	1690
1529	0	1698
1449	0	1688
1524	0	1689
1524	0	1690
1549	0	1689
1555	0	1696
1518	0	1690
1543	0	1690
1517	0	1690
1530	0	1687
1532	0	1687
1532	0	1696
1548	0	1687
1548	0	1690
1554	0	1687
1544	0	1690
1556	0	1690
1547	0	1693
1527	0	1699
1539	0	1690
1546	0	1691
1550	0	1690
1551	0	1690
1541	0	1698
1552	0	1696
1534	0	1695
1535	0	1692
1553	0	1690
1540	0	1690
1523	0	1689
1545	0	1683
1545	0	1688
1545	0	1690
1525	0	1700
1559	0	1687
1559	0	1690
1388	0	1687
1560	0	1690
1474	0	1690
1481	0	1690
1424	0	1687
1681	0	1689
1248	0	1683
1248	0	1698
1247	0	1683
1247	0	1697
1247	0	1698
877	0	1683
877	0	1690
1239	0	1688
1239	0	1698
1405	0	1690
1054	0	1687
1629	0	1698
1647	0	1690
1573	0	1690
1427	0	1688
1427	0	1692
1427	0	1698
1167	0	1687
1625	0	1688
1591	0	1690
1402	0	1684
1402	0	1686
1402	0	1690
1392	0	1687
1391	0	1683
1391	0	1688
1391	0	1696
1390	0	1687
1485	0	1696
1639	0	1683
1639	0	1690
1110	0	1687
1110	0	1690
1124	0	1683
1124	0	1684
1124	0	1686
1124	0	1691
1501	0	1690
1473	0	1696
1603	0	1683
1603	0	1688
645	0	1690
1164	0	1687
1675	0	1698
1575	0	1687
1468	0	1690
1679	0	1698
1678	0	1693
1678	0	1698
1512	0	1687
1512	0	1690
1638	0	1687
1638	0	1690
878	0	1690
1432	0	1689
1578	0	1690
1605	0	1687
1605	0	1690
1607	0	1699
1623	0	1687
1623	0	1690
1599	0	1690
1579	0	1690
1580	0	1690
1612	0	1690
1583	0	1688
1583	0	1690
1586	0	1690
1601	0	1690
1577	0	1689
1564	0	1690
1168	0	1690
1600	0	1687
1677	0	1690
1658	0	1683
1658	0	1690
1648	0	1687
1648	0	1688
1648	0	1690
1649	0	1690
1663	0	1687
1663	0	1689
1676	0	1690
1657	0	1690
1657	0	1698
580	0	1696
1624	0	1690
1670	0	1687
1602	0	1687
1602	0	1696
1610	0	1687
1610	0	1696
1495	0	1683
1495	0	1690
1371	0	1690
1609	0	1687
1606	0	1690
1622	0	1690
1246	0	1690
1246	0	1696
1641	0	1690
1641	0	1699
1081	0	1687
1646	0	1690
1645	0	1690
1643	0	1690
1642	0	1687
1644	0	1688
1644	0	1690
1644	0	1695
1640	0	1687
1640	0	1698
1611	0	1690
1574	0	1690
1626	0	1683
1626	0	1698
1631	0	1690
1506	0	1690
1068	0	1690
1463	0	1690
1619	0	1690
1618	0	1696
1618	0	1698
1621	0	1690
1621	0	1696
1576	0	1687
1415	0	1690
269	1	1702
207	1	1702
333	1	1702
68	1	1702
492	1	1702
824	1	1702
137	1	1702
277	1	1702
558	1	1702
633	1	1703
165	1	1702
166	1	1702
266	1	1702
234	1	1704
261	1	1703
924	1	1702
443	1	1703
1201	1	1702
227	1	1702
787	1	1702
351	1	1703
202	1	1703
257	1	1703
470	1	1703
321	1	1703
799	1	1702
362	1	1702
254	1	1702
552	1	1702
577	1	1705
248	1	1702
284	1	1704
214	1	1702
991	1	1702
1169	1	1702
847	1	1702
1142	1	1704
111	1	1702
404	1	1702
442	1	1702
464	1	1702
47	1	1704
422	1	1704
534	1	1704
870	1	1704
413	1	1704
176	1	1704
656	1	1704
794	1	1704
31	1	1706
407	1	1704
630	1	1704
194	1	1704
406	1	1702
179	1	1704
169	1	1704
370	1	1704
415	1	1704
94	1	1704
103	1	1707
58	1	1704
212	1	1704
460	1	1704
175	1	1704
368	1	1707
35	1	1702
449	1	1704
200	1	1704
61	1	1704
187	1	1704
79	1	1704
77	1	1704
82	1	1704
1359	1	1708
1241	1	1704
429	1	1707
538	1	1707
805	1	1707
36	1	1707
463	1	1707
177	1	1704
55	1	1707
93	1	1707
660	1	1704
186	1	1704
256	1	1707
249	1	1707
66	1	1707
243	1	1709
361	1	1707
185	1	1707
205	1	1707
141	1	1703
698	1	1710
110	1	1711
39	1	1712
34	1	1710
295	1	1712
50	1	1713
124	1	1714
813	1	1715
293	1	1716
746	1	1703
624	1	1703
159	1	1703
522	1	1703
883	1	1703
6	1	1703
152	1	1703
644	1	1702
113	1	1703
923	1	1703
1240	1	1703
641	1	1703
1035	1	1703
265	1	1703
9	1	1703
338	1	1703
1152	1	1704
350	1	1703
24	1	1703
348	1	1703
317	1	1703
252	1	1703
140	1	1703
235	1	1703
233	1	1717
473	1	1703
557	1	1703
842	1	1703
837	1	1718
260	1	1719
299	1	1719
173	1	1720
364	1	1721
95	1	1719
668	1	1703
593	1	1703
462	1	1722
673	1	1707
85	1	1723
508	1	1724
296	1	1708
292	1	1725
300	1	1711
838	1	1703
23	1	1703
334	1	1703
820	1	1703
335	1	1703
271	1	1724
815	1	1726
308	1	1725
253	1	1727
341	1	1728
535	1	1711
393	1	1729
446	1	1730
533	1	1711
365	1	1711
204	1	1729
337	1	1715
643	1	1731
486	1	1730
638	1	1729
628	1	1729
702	1	1732
242	1	1731
181	1	1707
171	1	1725
285	1	1712
41	1	1732
4	1	1728
51	1	1715
178	1	1733
13	1	1729
65	1	1734
596	1	1735
411	1	1724
170	1	1727
40	1	1714
182	1	1710
281	1	1727
480	1	1707
3	1	1736
450	1	1732
412	1	1731
246	1	1728
190	1	1711
845	1	1730
92	1	1737
360	1	1732
250	1	1738
241	1	1726
63	1	1737
91	1	1730
372	1	1705
546	1	1710
251	1	1735
10	1	1732
193	1	1728
57	1	1707
325	1	1711
184	1	1733
691	1	1716
548	1	1725
547	1	1710
674	1	1731
189	1	1737
14	1	1730
311	1	1716
658	1	1725
240	1	1729
196	1	1709
56	1	1730
352	1	1730
346	1	1711
488	1	1712
376	1	1737
26	1	1703
239	1	1703
142	1	1703
394	1	1703
270	1	1703
330	1	1703
209	1	1710
374	1	1712
80	1	1709
349	1	1737
98	1	1729
199	1	1711
454	1	1725
201	1	1711
46	1	1739
129	1	1703
605	1	1703
132	1	1703
71	1	1728
195	1	1711
324	1	1703
471	1	1711
758	1	1714
737	1	1714
563	1	1714
223	1	1714
319	1	1714
884	1	1714
786	1	1714
314	1	1714
157	1	1714
840	1	1714
219	1	1714
809	1	1714
228	1	1714
0	1	1714
578	1	1714
155	1	1714
301	1	1714
579	1	1714
309	1	1714
734	1	1714
597	1	1714
740	1	1714
582	1	1714
474	1	1710
996	1	1714
995	1	1714
1048	1	1714
1223	1	1714
1332	1	1714
1467	1	1714
312	1	1702
151	1	1702
122	1	1702
138	1	1702
131	1	1702
912	1	1703
980	1	1702
1017	1	1703
342	1	1704
134	1	1703
268	1	1703
18	1	1703
598	1	1703
1	1	1703
149	1	1703
7	1	1703
570	1	1703
22	1	1714
414	1	1714
222	1	1714
322	1	1714
302	1	1714
19	1	1714
1244	1	1714
915	1	1714
2	1	1714
725	1	1714
119	1	1714
744	1	1714
988	1	1714
1044	1	1714
1008	1	1703
1172	1	1714
1023	1	1714
1222	1	1714
1259	1	1714
1343	1	1714
1346	1	1714
1348	1	1714
1456	1	1714
1460	1	1714
1507	1	1714
1500	1	1740
1592	1	1714
420	1	1707
183	1	1707
221	1	1703
761	1	1703
730	1	1703
120	1	1714
121	1	1714
304	1	1714
305	1	1714
723	1	1714
568	1	1714
303	1	1714
569	1	1740
741	1	1714
1061	1	1714
999	1	1714
992	1	1714
1128	1	1714
1007	1	1714
1228	1	1714
1257	1	1714
1336	1	1714
1387	1	1714
1338	1	1714
1335	1	1714
1420	1	1714
1417	1	1714
1497	1	1714
1492	1	1714
1469	1	1714
1498	1	1740
1486	1	1740
1479	1	1740
1476	1	1740
1475	1	1740
1478	1	1714
1561	1	1740
1589	1	1740
1585	1	1740
408	1	1704
15	1	1739
306	1	1714
1175	1	1714
1265	1	1714
1386	1	1714
1588	1	1740
571	1	1702
448	1	1702
74	1	1702
659	1	1702
294	1	1702
1020	1	1703
458	1	1703
747	1	1703
860	1	1703
938	1	1702
217	1	1702
872	1	1702
421	1	1702
795	1	1704
919	1	1704
89	1	1704
497	1	1702
375	1	1704
359	1	1704
168	1	1704
595	1	1704
461	1	1704
32	1	1704
383	1	1707
298	1	1707
455	1	1704
524	1	1704
1021	1	1707
216	1	1707
52	1	1707
84	1	1707
721	1	1704
798	1	1707
457	1	1704
481	1	1707
594	1	1707
485	1	1707
804	1	1704
453	1	1702
43	1	1710
585	1	1730
96	1	1741
11	1	1703
329	1	1703
469	1	1703
267	1	1703
467	1	1703
320	1	1703
328	1	1703
135	1	1703
604	1	1703
279	1	1709
518	1	1739
802	1	1735
30	1	1718
112	1	1742
75	1	1743
509	1	1744
45	1	1703
1022	1	1703
48	1	1709
712	1	1703
409	1	1711
520	1	1729
387	1	1745
198	1	1724
403	1	1744
678	1	1746
109	1	1729
59	1	1741
274	1	1730
699	1	1747
526	1	1722
495	1	1715
775	1	1711
774	1	1738
773	1	1707
772	1	1709
713	1	1727
1330	1	1710
493	1	1748
778	1	1749
760	1	1750
1051	1	1751
489	1	1751
490	1	1751
259	1	1727
483	1	1730
355	1	1752
710	1	1752
711	1	1738
1052	1	1703
126	1	1714
354	1	1714
743	1	1714
125	1	1702
494	1	1702
608	1	1702
180	1	1702
62	1	1711
286	1	1704
948	1	1704
688	1	1704
612	1	1711
632	1	1707
848	1	1707
366	1	1707
399	1	1707
316	1	1703
143	1	1703
21	1	1703
172	1	1748
154	1	1703
472	1	1703
861	1	1703
669	1	1741
282	1	1749
880	1	1753
1037	1	1736
943	1	1753
323	1	1754
529	1	1720
843	1	1743
106	1	1723
814	1	1755
871	1	1742
700	1	1756
676	1	1757
893	1	1758
238	1	1757
1016	1	1759
1084	1	1741
105	1	1747
167	1	1756
677	1	1758
42	1	1744
979	1	1749
1014	1	1703
517	1	1720
950	1	1724
684	1	1717
280	1	1705
1205	1	1723
104	1	1757
930	1	1744
310	1	1703
525	1	1730
28	1	1723
244	1	1745
287	1	1728
635	1	1760
672	1	1706
230	1	1714
358	1	1738
686	1	1727
273	1	1710
835	1	1761
318	1	1748
646	1	1752
275	1	1729
369	1	1705
1015	1	1741
696	1	1756
345	1	1753
290	1	1709
339	1	1737
648	1	1733
388	1	1739
396	1	1703
937	1	1714
1243	1	1714
785	1	1714
789	1	1714
1129	1	1714
1414	1	1712
1364	1	1714
1465	1	1714
203	1	1702
477	1	1702
680	1	1702
1156	1	1702
20	1	1703
447	1	1702
160	1	1703
313	1	1703
1100	1	1703
377	1	1702
215	1	1702
500	1	1702
540	1	1702
38	1	1702
397	1	1702
661	1	1702
1162	1	1702
1354	1	1704
371	1	1704
487	1	1704
78	1	1702
496	1	1704
620	1	1702
653	1	1702
438	1	1702
654	1	1702
208	1	1704
503	1	1704
100	1	1704
416	1	1704
1148	1	1704
456	1	1707
543	1	1704
618	1	1707
857	1	1707
468	1	1704
479	1	1707
707	1	1707
211	1	1707
1073	1	1707
188	1	1702
614	1	1707
363	1	1707
426	1	1707
86	1	1707
73	1	1707
811	1	1704
1042	1	1707
506	1	1712
830	1	1722
781	1	1703
315	1	1703
441	1	1702
1187	1	1707
1433	1	1703
231	1	1703
757	1	1703
147	1	1703
1163	1	1703
1633	1	1703
1632	1	1703
1145	1	1762
1030	1	1744
276	1	1723
675	1	1759
1058	1	1763
973	1	1742
693	1	1741
682	1	1750
1001	1	1742
1063	1	1749
685	1	1763
929	1	1713
1242	1	1764
864	1	1747
894	1	1765
720	1	1721
1060	1	1766
1196	1	1757
562	1	1703
906	1	1703
1158	1	1757
81	1	1736
33	1	1704
511	1	1750
790	1	1748
1537	1	1760
507	1	1712
136	1	1703
297	1	1709
955	1	1708
555	1	1711
839	1	1709
889	1	1758
545	1	1703
767	1	1732
475	1	1715
763	1	1715
953	1	1709
1095	1	1727
716	1	1730
671	1	1735
288	1	1710
1519	1	1704
941	1	1725
834	1	1710
694	1	1722
401	1	1733
914	1	1767
873	1	1737
836	1	1735
629	1	1730
291	1	1710
537	1	1749
631	1	1731
97	1	1729
771	1	1768
679	1	1745
258	1	1710
897	1	1763
72	1	1712
683	1	1767
83	1	1732
192	1	1727
637	1	1737
476	1	1711
1357	1	1731
875	1	1706
768	1	1715
499	1	1712
652	1	1707
759	1	1765
491	1	1711
769	1	1745
779	1	1709
780	1	1769
714	1	1703
1634	1	1714
307	1	1714
380	1	1715
729	1	1714
1082	1	1714
1003	1	1714
1255	1	1714
206	1	1707
326	1	1703
478	1	1707
16	1	1714
728	1	1714
1337	1	1714
1093	1	1714
1569	1	1740
49	1	1702
191	1	1702
634	1	1702
887	1	1702
17	1	1703
255	1	1702
1209	1	1704
791	1	1704
647	1	1702
1208	1	1707
947	1	1704
1116	1	1704
1043	1	1707
278	1	1767
651	1	1703
527	1	1712
766	1	1730
451	1	1711
289	1	1733
1207	1	1703
681	1	1728
263	1	1702
1154	1	1702
418	1	1702
90	1	1702
25	1	1703
128	1	1703
945	1	1704
210	1	1702
433	1	1702
801	1	1702
975	1	1702
590	1	1702
961	1	1704
1104	1	1702
715	1	1704
465	1	1704
101	1	1704
642	1	1703
29	1	1704
87	1	1707
1102	1	1704
436	1	1707
419	1	1707
881	1	1707
650	1	1704
793	1	1704
44	1	1710
910	1	1703
127	1	1703
116	1	1703
484	1	1703
262	1	1703
868	1	1717
60	1	1733
108	1	1707
381	1	1714
1173	1	1714
1457	1	1714
1452	1	1714
1572	1	1740
572	1	1704
1342	1	1714
504	1	1702
599	1	1702
1447	1	1702
748	1	1703
556	1	1702
603	1	1702
213	1	1702
148	1	1703
353	1	1703
844	1	1703
705	1	1711
1190	1	1703
749	1	1702
521	1	1702
782	1	1702
174	1	1702
417	1	1702
5	1	1702
502	1	1704
655	1	1702
1046	1	1702
64	1	1702
1445	1	1702
1083	1	1702
573	1	1704
379	1	1704
584	1	1702
1374	1	1704
459	1	1704
1444	1	1707
69	1	1704
434	1	1702
1092	1	1702
1443	1	1704
432	1	1702
164	1	1702
1210	1	1702
697	1	1704
1047	1	1704
523	1	1704
389	1	1704
445	1	1704
1076	1	1704
665	1	1702
1103	1	1702
498	1	1702
853	1	1704
218	1	1707
427	1	1707
1075	1	1704
1019	1	1707
367	1	1707
531	1	1707
1213	1	1707
735	1	1707
808	1	1704
1180	1	1707
53	1	1704
130	1	1703
1566	1	1704
118	1	1703
501	1	1702
764	1	1703
968	1	1703
588	1	1703
519	1	1703
911	1	1703
1251	1	1721
146	1	1703
117	1	1703
220	1	1703
153	1	1703
158	1	1703
1009	1	1703
144	1	1703
1446	1	1703
162	1	1703
927	1	1703
607	1	1703
550	1	1702
1216	1	1759
695	1	1719
1050	1	1720
1398	1	1703
770	1	1702
332	1	1703
987	1	1703
719	1	1736
512	1	1753
559	1	1703
114	1	1703
972	1	1703
885	1	1703
1352	1	1763
592	1	1710
1437	1	1703
1383	1	1734
1442	1	1703
762	1	1711
439	1	1728
692	1	1715
356	1	1712
1430	1	1703
776	1	1703
777	1	1729
589	1	1728
874	1	1729
957	1	1703
1333	1	1703
783	1	1703
1339	1	1714
123	1	1703
1227	1	1703
1181	1	1714
913	1	1714
1186	1	1714
623	1	1714
724	1	1714
727	1	1714
733	1	1714
732	1	1714
567	1	1714
731	1	1714
667	1	1714
994	1	1714
1149	1	1714
997	1	1714
1266	1	1714
1260	1	1714
1262	1	1714
1268	1	1740
1249	1	1714
1263	1	1714
1366	1	1714
1361	1	1714
1334	1	1714
1595	1	1714
1455	1	1714
1461	1	1714
1466	1	1714
1454	1	1714
1464	1	1714
1571	1	1702
1487	1	1714
1567	1	1714
1513	1	1714
1493	1	1714
1617	1	1714
1471	1	1714
1511	1	1714
1562	1	1740
1470	1	1714
1508	1	1714
1482	1	1740
1480	1	1740
1620	1	1740
1655	1	1740
1654	1	1740
1653	1	1740
1651	1	1740
1650	1	1740
1659	1	1740
1660	1	1740
1669	1	1740
264	1	1702
1150	1	1702
981	1	1707
863	1	1703
833	1	1712
150	1	1703
754	1	1703
862	1	1703
1322	1	1703
8	1	1703
437	1	1703
161	1	1703
625	1	1703
896	1	1703
601	1	1703
701	1	1703
1362	1	1714
984	1	1714
1000	1	1714
1174	1	1714
398	1	1702
706	1	1704
102	1	1704
1004	1	1707
611	1	1704
765	1	1704
687	1	1748
107	1	1715
1036	1	1725
742	1	1714
88	1	1702
967	1	1702
510	1	1702
818	1	1702
1031	1	1702
1218	1	1702
806	1	1702
1161	1	1704
1404	1	1711
1010	1	1704
435	1	1707
823	1	1707
272	1	1707
1353	1	1707
918	1	1707
1139	1	1702
974	1	1735
1147	1	1735
718	1	1764
1252	1	1760
37	1	1721
1203	1	1712
962	1	1712
690	1	1711
1403	1	1703
336	1	1703
606	1	1703
586	1	1703
225	1	1703
755	1	1703
753	1	1703
751	1	1703
752	1	1703
145	1	1703
591	1	1703
565	1	1714
564	1	1703
232	1	1714
756	1	1714
224	1	1714
736	1	1714
738	1	1714
739	1	1714
750	1	1714
343	1	1714
745	1	1714
726	1	1714
796	1	1702
1011	1	1702
851	1	1704
1192	1	1704
963	1	1704
905	1	1703
1070	1	1714
1032	1	1714
378	1	1707
373	1	1712
283	1	1712
788	1	1714
916	1	1703
385	1	1703
327	1	1703
626	1	1703
560	1	1714
347	1	1714
115	1	1714
1219	1	1714
139	1	1714
600	1	1703
722	1	1710
831	1	1730
670	1	1763
1236	1	1748
1267	1	1714
932	1	1714
1365	1	1714
998	1	1714
1171	1	1714
1416	1	1702
340	1	1702
807	1	1702
1038	1	1707
516	1	1704
1029	1	1704
899	1	1703
163	1	1703
515	1	1707
797	1	1712
704	1	1709
1264	1	1714
717	1	1714
27	1	1703
846	1	1702
542	1	1702
792	1	1702
1125	1	1704
1098	1	1707
392	1	1707
384	1	1703
921	1	1703
1026	1	1703
1055	1	1770
917	1	1703
986	1	1702
99	1	1702
1074	1	1703
67	1	1704
551	1	1711
901	1	1703
1099	1	1704
610	1	1703
513	1	1703
1327	1	1703
1483	1	1740
940	1	1702
1344	1	1770
951	1	1738
1113	1	1702
561	1	1703
1197	1	1703
1350	1	1704
627	1	1702
869	1	1702
1393	1	1702
197	1	1704
12	1	1704
1189	1	1704
1114	1	1704
619	1	1704
855	1	1725
357	1	1703
1448	1	1703
1321	1	1703
1135	1	1714
616	1	1714
466	1	1703
1080	1	1703
133	1	1703
903	1	1703
1097	1	1714
931	1	1714
541	1	1707
514	1	1706
1253	1	1703
935	1	1703
821	1	1703
985	1	1703
1494	1	1714
1323	1	1703
850	1	1703
640	1	1704
1182	1	1704
247	1	1707
1024	1	1703
816	1	1710
1426	1	1711
1490	1	1740
1652	1	1740
1132	1	1702
1515	1	1702
613	1	1704
709	1	1702
1434	1	1703
1131	1	1704
1157	1	1704
1091	1	1703
1002	1	1703
1126	1	1741
1130	1	1703
440	1	1752
583	1	1728
1165	1	1703
949	1	1703
1488	1	1719
1489	1	1723
1144	1	1771
1217	1	1718
1053	1	1749
1363	1	1740
969	1	1703
331	1	1703
1341	1	1703
549	1	1702
904	1	1703
879	1	1739
886	1	1703
431	1	1712
882	1	1703
922	1	1703
1078	1	1714
666	1	1702
444	1	1704
395	1	1707
784	1	1714
1229	1	1714
1436	1	1714
810	1	1704
1505	1	1707
1159	1	1702
1155	1	1704
576	1	1724
1206	1	1703
1077	1	1703
920	1	1714
236	1	1707
832	1	1708
1453	1	1703
1382	1	1703
539	1	1714
825	1	1703
1045	1	1727
819	1	1714
1194	1	1703
964	1	1703
966	1	1703
1025	1	1714
1215	1	1703
977	1	1707
978	1	1704
939	1	1707
1360	1	1704
976	1	1704
1324	1	1704
1013	1	1719
1274	1	1714
1153	1	1703
1369	1	1714
1347	1	1714
1146	1	1703
800	1	1704
1395	1	1702
1220	1	1704
867	1	1704
965	1	1704
703	1	1704
1377	1	1704
890	1	1704
1394	1	1704
827	1	1739
405	1	1710
1396	1	1714
1381	1	1714
1628	1	1740
1340	1	1707
1431	1	1704
400	1	1704
952	1	1707
1613	1	1711
505	1	1703
1320	1	1736
386	1	1703
1397	1	1742
1637	1	1703
156	1	1703
1062	1	1765
1018	1	1754
1059	1	1703
663	1	1707
391	1	1702
891	1	1702
849	1	1704
858	1	1702
1112	1	1704
908	1	1707
424	1	1707
876	1	1751
587	1	1703
1133	1	1714
615	1	1702
452	1	1702
689	1	1702
54	1	1702
382	1	1704
895	1	1707
1151	1	1707
1027	1	1704
1012	1	1702
1137	1	1714
1234	1	1702
390	1	1702
657	1	1702
1123	1	1704
866	1	1710
428	1	1712
1370	1	1703
1496	1	1740
1635	1	1704
1636	1	1714
1604	1	1703
1472	1	1703
621	1	1702
528	1	1703
1425	1	1714
1314	1	1712
1616	1	1740
229	1	1714
344	1	1714
708	1	1702
1039	1	1704
856	1	1704
1072	1	1707
892	1	1702
982	1	1714
1094	1	1714
536	1	1702
1065	1	1714
1122	1	1714
1136	1	1714
1134	1	1714
822	1	1714
226	1	1703
245	1	1702
237	1	1702
1127	1	1703
841	1	1703
1373	1	1703
1178	1	1714
946	1	1726
410	1	1702
1096	1	1711
1056	1	1735
1088	1	1707
1041	1	1704
1118	1	1704
544	1	1704
581	1	1707
1120	1	1704
1064	1	1703
602	1	1703
928	1	1714
900	1	1714
1224	1	1714
1329	1	1703
933	1	1703
898	1	1714
925	1	1703
1115	1	1704
1107	1	1713
1066	1	1703
1143	1	1703
907	1	1703
909	1	1704
934	1	1703
902	1	1714
1484	1	1740
1614	1	1740
1170	1	1714
989	1	1703
1090	1	1704
1195	1	1755
1221	1	1720
970	1	1714
1250	1	1715
566	1	1714
622	1	1704
1672	1	1703
852	1	1702
1528	1	1704
1526	1	1704
1520	1	1704
1673	1	1731
1674	1	1750
1005	1	1703
1312	1	1703
1594	1	1740
554	1	1704
926	1	1714
1491	1	1714
1279	1	1703
1313	1	1703
1283	1	1703
1309	1	1703
1296	1	1703
1198	1	1707
1282	1	1704
1101	1	1703
1325	1	1703
1254	1	1703
1193	1	1704
1304	1	1703
1305	1	1703
1273	1	1704
1226	1	1702
1307	1	1707
1225	1	1704
1298	1	1703
829	1	1703
936	1	1703
402	1	1703
1302	1	1703
1277	1	1707
1303	1	1702
1290	1	1711
1285	1	1703
1291	1	1702
1301	1	1707
1288	1	1704
1275	1	1711
1184	1	1749
1293	1	1710
1308	1	1707
1202	1	1760
1286	1	1703
1306	1	1751
828	1	1704
1317	1	1711
1326	1	1703
1328	1	1703
1300	1	1704
1284	1	1703
1295	1	1703
1281	1	1704
1237	1	1703
1294	1	1703
1310	1	1703
1316	1	1703
859	1	1707
1297	1	1704
1276	1	1704
817	1	1704
1292	1	1742
1319	1	1704
1299	1	1704
1311	1	1704
1272	1	1724
1315	1	1732
1183	1	1707
609	1	1714
1318	1	1714
1200	1	1714
1199	1	1714
1278	1	1714
1079	1	1703
1289	1	1714
993	1	1714
1270	1	1714
1269	1	1714
826	1	1714
1280	1	1714
1245	1	1714
1166	1	1714
1271	1	1714
1287	1	1714
1176	1	1714
1177	1	1714
1261	1	1714
1258	1	1740
1384	1	1703
1565	1	1759
1504	1	1703
1510	1	1714
1256	1	1702
1108	1	1707
1450	1	1707
1085	1	1704
1412	1	1728
1389	1	1714
1459	1	1702
530	1	1704
1380	1	1702
1379	1	1704
1121	1	1707
1033	1	1721
1378	1	1702
812	1	1704
574	1	1702
575	1	1704
482	1	1704
1185	1	1714
1441	1	1707
1232	1	1704
1563	1	1714
1106	1	1707
1138	1	1707
1406	1	1702
1438	1	1704
1089	1	1704
430	1	1703
865	1	1703
425	1	1714
1367	1	1740
1587	1	1714
1570	1	1714
1499	1	1740
1596	1	1714
1477	1	1740
1034	1	1702
1233	1	1707
888	1	1704
1409	1	1702
1230	1	1704
1231	1	1704
639	1	1702
1179	1	1702
1372	1	1704
956	1	1708
1521	1	1704
1086	1	1702
1667	1	1707
1584	1	1703
1418	1	1703
1049	1	1770
1345	1	1741
1664	1	1762
1665	1	1756
1509	1	1770
1057	1	1762
1355	1	1723
1662	1	1703
1668	1	1713
1109	1	1703
1666	1	1703
1661	1	1765
1356	1	1703
1514	1	1714
1516	1	1702
1400	1	1702
1399	1	1702
1105	1	1707
1408	1	1702
70	1	1702
1538	1	1702
617	1	1702
1413	1	1703
1111	1	1719
1188	1	1704
1411	1	1707
1141	1	1761
1069	1	1714
664	1	1702
1440	1	1702
803	1	1731
958	1	1704
423	1	1703
1656	1	1740
944	1	1704
1238	1	1704
960	1	1702
959	1	1707
1040	1	1707
854	1	1704
954	1	1707
1503	1	1702
1597	1	1704
1598	1	1703
1615	1	1703
1351	1	1703
532	1	1703
1608	1	1703
1630	1	1714
1419	1	1704
942	1	1703
1435	1	1714
553	1	1704
76	1	1702
1191	1	1703
662	1	1703
1235	1	1703
1204	1	1703
1375	1	1702
1087	1	1704
1368	1	1703
1376	1	1714
1422	1	1703
1502	1	1714
1140	1	1714
1590	1	1702
1581	1	1704
1071	1	1703
1211	1	1702
1214	1	1702
1212	1	1702
1462	1	1707
1006	1	1704
1410	1	1704
649	1	1703
1680	1	1740
1627	1	1733
1593	1	1740
971	1	1714
1558	1	1703
1160	1	1702
1401	1	1702
1582	1	1704
1671	1	1707
983	1	1714
1358	1	1704
1349	1	1703
1421	1	1714
1568	1	1714
1117	1	1707
1067	1	1702
1423	1	1704
1439	1	1772
1451	1	1703
1028	1	1702
1331	1	1702
1542	1	1725
1428	1	1702
1533	1	1702
1536	1	1702
1385	1	1702
1429	1	1704
1458	1	1702
1407	1	1702
1522	1	1704
636	1	1707
1557	1	1702
1531	1	1703
1119	1	1703
1529	1	1704
1449	1	1715
1524	1	1704
1549	1	1707
1555	1	1704
1518	1	1712
1543	1	1711
1517	1	1762
1530	1	1711
1532	1	1711
1548	1	1728
1554	1	1711
1544	1	1726
1556	1	1709
1547	1	1721
1527	1	1702
1539	1	1710
1546	1	1728
1550	1	1747
1551	1	1705
1541	1	1725
1552	1	1746
1534	1	1742
1535	1	1770
1553	1	1729
1540	1	1756
1523	1	1710
1545	1	1711
1525	1	1749
1559	1	1714
1388	1	1714
1560	1	1714
1474	1	1740
1481	1	1740
1424	1	1703
1681	1	1740
1248	1	1703
1247	1	1702
877	1	1711
1239	1	1714
1405	1	1703
1054	1	1714
1629	1	1714
1647	1	1740
1573	1	1703
1427	1	1761
1167	1	1714
1625	1	1714
1591	1	1740
1402	1	1714
1392	1	1714
1391	1	1714
1390	1	1714
1485	1	1740
1639	1	1740
1110	1	1749
1124	1	1714
1501	1	1702
1473	1	1714
1603	1	1710
645	1	1703
1164	1	1714
1675	1	1703
1575	1	1707
1468	1	1703
1679	1	1740
1678	1	1714
1512	1	1703
1638	1	1703
878	1	1704
1432	1	1702
1578	1	1703
1605	1	1707
1607	1	1703
1623	1	1703
1599	1	1703
1579	1	1729
1580	1	1703
1612	1	1703
1583	1	1703
1586	1	1703
1601	1	1703
1577	1	1703
1564	1	1703
1168	1	1714
1600	1	1714
1677	1	1740
1658	1	1740
1648	1	1740
1649	1	1740
1663	1	1740
1676	1	1740
1657	1	1740
580	1	1714
1624	1	1703
1670	1	1740
1602	1	1704
1610	1	1740
1495	1	1703
1371	1	1703
1609	1	1703
1606	1	1703
1622	1	1704
1246	1	1714
1641	1	1714
1081	1	1714
1646	1	1714
1645	1	1714
1643	1	1714
1642	1	1714
1644	1	1714
1640	1	1740
1611	1	1740
1574	1	1707
1626	1	1702
1631	1	1745
1506	1	1703
1068	1	1703
1463	1	1703
1619	1	1740
1618	1	1740
1621	1	1740
1576	1	1704
1415	1	1703
25	2	1774
722	2	1778
750	2	1774
921	2	1774
74	2	1775
504	2	1776
859	2	1779
236	2	1776
670	2	1775
180	2	1778
916	2	1776
359	2	1775
452	2	1777
140	2	1777
287	2	1777
173	2	1774
607	2	1775
377	2	1776
615	2	1776
323	2	1776
21	2	1775
209	2	1775
6	2	1775
45	2	1774
637	2	1776
857	2	1777
897	2	1776
459	2	1775
489	2	1776
33	2	1773
454	2	1774
536	2	1775
919	2	1774
725	2	1776
65	2	1774
467	2	1774
424	2	1774
928	2	1775
873	2	1776
743	2	1776
781	2	1775
435	2	1775
96	2	1775
189	2	1775
429	2	1775
529	2	1775
266	2	1778
249	2	1777
700	2	1774
144	2	1774
519	2	1775
496	2	1774
272	2	1775
425	2	1774
188	2	1776
931	2	1775
532	2	1773
570	2	1775
706	2	1777
505	2	1778
824	2	1776
243	2	1775
85	2	1775
240	2	1775
228	2	1778
527	2	1774
60	2	1773
141	2	1774
461	2	1774
552	2	1775
157	2	1776
369	2	1777
726	2	1774
710	2	1776
550	2	1774
28	2	1774
590	2	1775
319	2	1775
839	2	1776
528	2	1775
121	2	1774
112	2	1778
388	2	1776
518	2	1775
283	2	1778
316	2	1775
349	2	1777
809	2	1777
270	2	1776
866	2	1779
878	2	1778
75	2	1775
735	2	1777
638	2	1775
226	2	1775
577	2	1775
565	2	1776
403	2	1777
623	2	1774
865	2	1776
152	2	1773
89	2	1776
396	2	1775
713	2	1775
749	2	1774
451	2	1779
836	2	1776
350	2	1776
408	2	1775
672	2	1774
908	2	1779
600	2	1775
36	2	1777
442	2	1775
436	2	1775
116	2	1776
376	2	1774
61	2	1774
3	2	1775
759	2	1777
868	2	1778
231	2	1775
341	2	1777
774	2	1775
284	2	1775
695	2	1775
576	2	1775
362	2	1774
502	2	1776
22	2	1774
531	2	1779
841	2	1774
777	2	1778
913	2	1775
344	2	1774
487	2	1778
450	2	1778
218	2	1777
309	2	1774
217	2	1775
585	2	1777
733	2	1773
712	2	1776
702	2	1778
48	2	1775
888	2	1777
619	2	1776
142	2	1775
521	2	1776
199	2	1774
303	2	1776
73	2	1775
447	2	1775
222	2	1775
242	2	1775
704	2	1775
12	2	1779
379	2	1778
402	2	1774
130	2	1775
816	2	1778
170	2	1775
828	2	1777
755	2	1777
304	2	1774
653	2	1777
935	2	1776
566	2	1777
837	2	1778
553	2	1778
803	2	1777
71	2	1778
165	2	1779
655	2	1775
148	2	1775
642	2	1775
378	2	1774
490	2	1775
923	2	1773
150	2	1774
214	2	1775
115	2	1776
891	2	1775
766	2	1776
522	2	1778
219	2	1776
294	2	1775
35	2	1776
940	2	1775
796	2	1775
901	2	1775
446	2	1776
747	2	1775
300	2	1776
14	2	1776
441	2	1777
876	2	1778
562	2	1774
542	2	1775
102	2	1776
554	2	1775
329	2	1776
397	2	1775
927	2	1778
708	2	1777
703	2	1773
69	2	1776
499	2	1776
512	2	1775
687	2	1776
256	2	1779
234	2	1777
206	2	1775
896	2	1775
877	2	1776
386	2	1774
745	2	1774
164	2	1776
752	2	1775
439	2	1775
44	2	1774
167	2	1775
900	2	1774
701	2	1775
310	2	1778
547	2	1775
221	2	1777
753	2	1774
905	2	1775
400	2	1775
361	2	1777
372	2	1777
70	2	1776
797	2	1779
761	2	1776
771	2	1776
244	2	1777
525	2	1776
748	2	1776
632	2	1774
680	2	1775
331	2	1775
367	2	1775
412	2	1775
718	2	1774
596	2	1774
939	2	1775
584	2	1775
317	2	1775
185	2	1775
646	2	1775
886	2	1776
903	2	1775
658	2	1776
501	2	1774
465	2	1776
220	2	1773
626	2	1774
0	2	1774
779	2	1776
776	2	1775
336	2	1774
853	2	1776
644	2	1776
54	2	1775
925	2	1779
215	2	1774
52	2	1774
882	2	1775
138	2	1774
636	2	1778
286	2	1775
850	2	1778
211	2	1774
40	2	1776
7	2	1774
312	2	1776
851	2	1776
46	2	1775
911	2	1775
440	2	1773
356	2	1774
232	2	1775
610	2	1776
778	2	1775
87	2	1775
57	2	1774
650	2	1775
131	2	1773
399	2	1776
11	2	1774
166	2	1776
741	2	1774
176	2	1775
299	2	1775
561	2	1776
23	2	1775
557	2	1776
168	2	1775
78	2	1775
463	2	1774
255	2	1776
296	2	1774
597	2	1774
647	2	1774
118	2	1777
77	2	1775
688	2	1779
159	2	1776
253	2	1776
575	2	1775
910	2	1777
785	2	1776
179	2	1774
340	2	1775
419	2	1776
883	2	1774
579	2	1779
81	2	1776
591	2	1774
262	2	1777
681	2	1774
198	2	1774
410	2	1774
892	2	1777
348	2	1776
689	2	1774
603	2	1778
907	2	1777
123	2	1776
153	2	1775
698	2	1774
814	2	1777
898	2	1775
902	2	1777
174	2	1774
41	2	1776
257	2	1776
792	2	1776
599	2	1777
782	2	1773
27	2	1775
114	2	1776
594	2	1775
595	2	1775
20	2	1775
456	2	1774
660	2	1774
295	2	1779
473	2	1775
297	2	1779
568	2	1776
874	2	1775
817	2	1775
298	2	1775
875	2	1775
213	2	1775
838	2	1776
657	2	1774
392	2	1778
268	2	1774
602	2	1776
894	2	1774
90	2	1779
854	2	1775
739	2	1774
125	2	1773
763	2	1774
757	2	1774
250	2	1778
163	2	1776
135	2	1775
146	2	1774
394	2	1776
663	2	1773
248	2	1775
852	2	1774
370	2	1776
406	2	1776
617	2	1775
933	2	1775
92	2	1777
821	2	1776
840	2	1778
261	2	1776
172	2	1776
659	2	1775
656	2	1775
354	2	1776
324	2	1776
162	2	1774
811	2	1778
690	2	1774
423	2	1775
539	2	1776
588	2	1779
34	2	1773
79	2	1776
472	2	1775
622	2	1775
791	2	1777
111	2	1775
332	2	1776
136	2	1775
618	2	1774
275	2	1778
30	2	1775
762	2	1774
434	2	1777
727	2	1775
804	2	1775
327	2	1775
363	2	1778
601	2	1774
267	2	1776
127	2	1774
322	2	1775
846	2	1778
252	2	1776
861	2	1778
924	2	1776
38	2	1775
870	2	1779
420	2	1776
197	2	1774
271	2	1778
326	2	1778
639	2	1775
474	2	1775
155	2	1776
178	2	1774
756	2	1774
411	2	1775
665	2	1773
559	2	1774
693	2	1775
381	2	1775
346	2	1778
492	2	1774
899	2	1775
805	2	1778
511	2	1774
520	2	1776
772	2	1778
784	2	1774
333	2	1779
205	2	1775
915	2	1774
358	2	1774
470	2	1776
216	2	1773
47	2	1776
107	2	1774
460	2	1779
193	2	1777
448	2	1774
476	2	1775
652	2	1777
315	2	1774
495	2	1776
611	2	1773
648	2	1774
161	2	1777
190	2	1779
523	2	1775
773	2	1774
306	2	1775
49	2	1775
281	2	1779
224	2	1774
764	2	1773
97	2	1774
187	2	1775
697	2	1778
887	2	1775
510	2	1775
91	2	1774
754	2	1775
291	2	1775
825	2	1779
634	2	1779
683	2	1774
212	2	1775
184	2	1775
812	2	1776
347	2	1776
517	2	1774
849	2	1777
862	2	1778
64	2	1775
819	2	1776
364	2	1779
558	2	1774
311	2	1776
729	2	1775
103	2	1774
200	2	1774
458	2	1775
498	2	1776
545	2	1775
506	2	1774
534	2	1774
259	2	1778
694	2	1776
728	2	1775
19	2	1777
767	2	1774
540	2	1775
526	2	1774
686	2	1775
769	2	1774
724	2	1775
604	2	1776
53	2	1775
685	2	1778
848	2	1778
67	2	1774
133	2	1777
503	2	1774
608	2	1779
581	2	1774
139	2	1776
533	2	1778
567	2	1779
432	2	1775
624	2	1775
288	2	1775
643	2	1774
479	2	1777
541	2	1775
674	2	1775
9	2	1774
225	2	1776
175	2	1774
318	2	1777
471	2	1776
641	2	1776
145	2	1775
335	2	1778
466	2	1775
544	2	1774
661	2	1774
18	2	1775
592	2	1776
353	2	1775
606	2	1776
847	2	1778
813	2	1778
457	2	1776
513	2	1773
934	2	1775
229	2	1777
355	2	1779
108	2	1775
360	2	1775
464	2	1776
401	2	1775
254	2	1779
799	2	1779
366	2	1775
633	2	1774
227	2	1778
405	2	1776
736	2	1779
810	2	1776
455	2	1774
478	2	1774
181	2	1776
339	2	1775
443	2	1775
509	2	1775
280	2	1778
635	2	1779
842	2	1779
186	2	1775
671	2	1777
398	2	1776
679	2	1775
428	2	1775
556	2	1773
321	2	1776
497	2	1773
246	2	1776
630	2	1775
844	2	1779
551	2	1774
938	2	1775
770	2	1774
508	2	1774
263	2	1778
789	2	1779
484	2	1774
76	2	1775
5	2	1777
669	2	1775
524	2	1774
58	2	1774
664	2	1776
427	2	1774
715	2	1775
113	2	1774
731	2	1777
918	2	1774
530	2	1776
239	2	1775
171	2	1775
546	2	1777
395	2	1774
668	2	1773
734	2	1774
906	2	1777
56	2	1776
831	2	1776
293	2	1778
278	2	1776
830	2	1778
543	2	1775
856	2	1773
640	2	1773
768	2	1774
24	2	1773
483	2	1775
793	2	1778
337	2	1774
834	2	1775
201	2	1774
305	2	1774
416	2	1773
374	2	1777
621	2	1775
716	2	1774
289	2	1774
55	2	1776
84	2	1776
207	2	1774
885	2	1777
493	2	1775
126	2	1777
832	2	1776
4	2	1774
241	2	1774
620	2	1774
881	2	1776
746	2	1778
922	2	1775
720	2	1773
120	2	1776
469	2	1776
879	2	1774
864	2	1776
235	2	1779
480	2	1776
204	2	1775
696	2	1775
682	2	1778
926	2	1777
564	2	1775
39	2	1775
815	2	1775
822	2	1775
100	2	1775
409	2	1778
760	2	1775
119	2	1775
569	2	1775
380	2	1776
802	2	1776
453	2	1775
818	2	1776
183	2	1775
62	2	1774
334	2	1778
737	2	1778
692	2	1773
758	2	1775
932	2	1775
609	2	1774
314	2	1778
571	2	1774
132	2	1775
612	2	1776
719	2	1774
941	2	1776
88	2	1775
277	2	1775
313	2	1775
589	2	1775
560	2	1776
124	2	1775
438	2	1776
72	2	1775
137	2	1775
66	2	1776
83	2	1779
738	2	1775
654	2	1778
485	2	1775
649	2	1775
208	2	1776
583	2	1773
884	2	1778
629	2	1776
43	2	1775
871	2	1778
514	2	1774
430	2	1774
264	2	1779
158	2	1775
343	2	1774
462	2	1774
105	2	1774
2	2	1774
740	2	1776
936	2	1775
93	2	1774
338	2	1776
587	2	1774
507	2	1776
156	2	1776
835	2	1777
151	2	1774
843	2	1778
404	2	1775
538	2	1775
104	2	1774
765	2	1775
535	2	1775
273	2	1779
942	2	1774
389	2	1775
645	2	1776
482	2	1775
308	2	1776
787	2	1775
128	2	1775
195	2	1777
572	2	1775
59	2	1776
666	2	1776
301	2	1775
786	2	1775
431	2	1776
445	2	1775
437	2	1776
375	2	1776
605	2	1775
732	2	1774
285	2	1775
203	2	1775
276	2	1775
677	2	1774
826	2	1779
872	2	1779
282	2	1779
481	2	1776
15	2	1775
714	2	1775
414	2	1775
42	2	1774
80	2	1776
106	2	1773
196	2	1775
210	2	1775
109	2	1775
391	2	1775
855	2	1776
890	2	1779
302	2	1775
616	2	1776
95	2	1775
413	2	1775
110	2	1778
721	2	1774
723	2	1775
795	2	1777
904	2	1775
98	2	1779
780	2	1775
68	2	1775
863	2	1777
320	2	1774
895	2	1774
573	2	1775
867	2	1777
260	2	1775
491	2	1776
742	2	1774
422	2	1778
390	2	1775
578	2	1775
279	2	1775
182	2	1776
37	2	1774
801	2	1775
407	2	1775
930	2	1775
265	2	1776
50	2	1776
230	2	1777
684	2	1775
775	2	1774
99	2	1776
371	2	1779
269	2	1776
365	2	1775
475	2	1775
929	2	1776
549	2	1777
808	2	1778
351	2	1778
651	2	1776
169	2	1774
537	2	1773
614	2	1775
194	2	1775
912	2	1775
13	2	1774
914	2	1775
357	2	1779
699	2	1774
10	2	1776
800	2	1775
192	2	1775
143	2	1775
415	2	1776
625	2	1775
468	2	1774
798	2	1775
433	2	1777
889	2	1777
860	2	1774
707	2	1774
29	2	1775
783	2	1775
794	2	1776
628	2	1776
82	2	1776
675	2	1774
86	2	1776
823	2	1776
744	2	1777
827	2	1776
274	2	1776
160	2	1774
613	2	1779
548	2	1775
202	2	1775
673	2	1777
325	2	1773
500	2	1775
1	2	1774
806	2	1777
237	2	1777
488	2	1775
342	2	1778
893	2	1776
516	2	1776
290	2	1779
631	2	1774
26	2	1779
444	2	1776
233	2	1775
751	2	1773
154	2	1775
382	2	1775
829	2	1777
373	2	1774
147	2	1774
582	2	1775
32	2	1774
705	2	1775
717	2	1774
869	2	1777
730	2	1776
117	2	1774
247	2	1776
486	2	1775
421	2	1778
691	2	1775
384	2	1773
122	2	1776
345	2	1776
909	2	1777
134	2	1776
627	2	1775
101	2	1774
449	2	1773
238	2	1776
385	2	1774
477	2	1775
515	2	1778
662	2	1776
16	2	1775
352	2	1777
258	2	1775
678	2	1775
368	2	1775
709	2	1774
555	2	1775
177	2	1779
149	2	1776
292	2	1777
790	2	1775
330	2	1773
598	2	1775
251	2	1777
383	2	1775
328	2	1776
917	2	1778
417	2	1775
937	2	1776
94	2	1778
8	2	1775
676	2	1776
788	2	1778
418	2	1775
494	2	1774
920	2	1776
51	2	1775
563	2	1775
245	2	1774
880	2	1775
393	2	1774
574	2	1775
586	2	1774
711	2	1777
223	2	1774
426	2	1774
191	2	1776
307	2	1775
807	2	1779
833	2	1779
17	2	1775
820	2	1779
580	2	1776
667	2	1774
129	2	1777
858	2	1776
387	2	1775
593	2	1775
31	2	1774
845	2	1777
63	2	1774
